Anticlinal axes, degrees from north
103.5
288.5
282.2
265.7
256.8
253.6
249.8
250
107.9
287.9
291.7
287.1
283.5
301
281.3
291.2
294.6
287.2
299.4
290.9
300.1
273.4
294.4
291.6
113.8
290.9
290.1
279.2
265.6
259.7
257.9
104.8

Landsat lineaments, degrees from north
248.9
283.8
247.8
258.7
275.6
238.9
228.7
239.5
277.2
245.5
277.9
236.3
235.9
233.7
293.8
246.8
266.4
279.4
257.4
266.1
256.4
232
275.8
244.8
254.4
230.5
252
257.7
255.3
235.4
281
239.4
261.9
257.1
100.8
247
110.2
109
251.4
230.9

