Angle, Degrees clockwise from north
218
217.9
218.8
219.4
219.8
220.1
220.8
220.8
222
221.9
42.8
42.7
43.8
43.9
43.8
44.8
45.8
45.8
46.1
45.8
225.3
226.8
227.4
228.6
228.9
230
229.9
229.7
229.9
231.3
50.9
50.9
51.4
51.7
51.9
52.4
53.7
53.9
53.9
54.9
234.8
234.7
238.3
246.8
246.8
238.9
235.8
235.8
233.9
232.9
54
51.8
51.9
50.9
50.9
51
50.5
49.9
49.8
50
229.6
230
229.3
228.8
227.9
227
225.8
225.9
226
222
40.8
44.9
45.8
46.6
48
49.9
53
50
47.9
49.9
231.9
227.3
221.9
221.3
219.4
231.9
233.7
235
236
229.9
49.4
46.1
47
44.9
51.9
54.1
46.1
46
50.8

