long,lat,CO2
14.150147,40.827353,259.2
14.149228,40.82846,156.48
14.139872,40.819547,32.88
14.13997,40.819575,28.8
14.13991,40.819553,17.064
14.139323,40.820037,4.416
14.140102,40.819737,21.984
14.14047,40.819668,33.12
14.1391,40.820452,24.48
14.13931,40.820412,18.528
14.141038,40.819753,10.056
14.142025,40.819957,18.36
14.149605,40.828273,45.84
14.139182,40.822118,35.28
14.139025,40.822143,34.08
14.138897,40.821865,49.92
14.142637,40.820857,19.032
14.142683,40.82059,21.72
14.142653,40.820175,53.52
14.144755,40.824887,46.8
14.144262,40.82514,295.2
14.144823,40.825355,271.2
14.145542,40.825875,751.2
14.149243,40.828842,78
14.145663,40.826372,26.64
14.14582,40.82684,16.344
14.14586,40.827443,24.24
14.145507,40.827395,343.2
14.145362,40.827308,1312.8
14.145392,40.8268,720
14.14527,40.825803,244.8
14.14536,40.82527,242.4
14.146247,40.826218,588
14.146205,40.8267,355.2
14.149027,40.828757,77.04
14.146395,40.827208,360
14.146557,40.826405,26.88
14.138415,40.82387,89.52
14.1387,40.82391,46.08
14.136858,40.824057,56.88
14.13728,40.823315,18.984
14.149193,40.828265,39.12
14.147645,40.827383,65.76
14.14833,40.82795,149.76
14.149015,40.828092,108.48
14.145993,40.830807,482.4
14.14595,40.831142,31.44
14.15031,40.827532,29.76
14.145863,40.830958,42.48
14.1457,40.831237,516
14.145925,40.831292,103.68
14.145568,40.830487,188.16
14.1448,40.830303,156
14.144963,40.830493,187.68
14.144868,40.83063,1144.8
14.144588,40.830405,210.72
14.14442,40.830572,936
14.145953,40.830523,1111.2
14.150112,40.827042,65.28
14.146563,40.830793,116.4
14.146578,40.831275,38.64
14.147085,40.830538,249.6
14.147647,40.830618,51.84
14.14749,40.830888,43.68
14.148455,40.830463,156.96
14.148287,40.830803,16.968
14.1492,40.83152,70.56
14.148517,40.831497,172.08
14.147367,40.831313,231.12
14.149528,40.827045,114.24
14.146048,40.83163,96.24
14.147005,40.832195,94.8
14.14718,40.832558,39.36
14.146625,40.832813,73.2
14.146417,40.832543,45.84
14.146438,40.832263,86.16
14.145475,40.832763,36
14.144948,40.833145,51.36
14.145473,40.833322,23.448
14.150058,40.827745,657.6
14.145743,40.833528,45.12
14.146017,40.833322,45.6
14.146248,40.833783,45.6
14.145355,40.832193,33.6
14.145422,40.831893,48.72
14.146655,40.831738,21.384
14.147112,40.8314,28.56
14.146002,40.831923,60.96
14.14186,40.831662,1504.8
14.141878,40.831405,2325.6
14.149445,40.828835,42.48
14.141727,40.831983,84.24
14.141708,40.832383,403.2
14.141617,40.832692,212.16
14.141322,40.83296,242.4
14.141797,40.832175,640.8
14.142125,40.832235,126.24
14.142038,40.832628,116.64
14.141833,40.833008,58.56
14.141978,40.831903,247.2
14.142225,40.831628,69.6
14.148873,40.829213,87.6
14.14319,40.831997,106.56
14.143958,40.831835,41.04
14.143823,40.831618,42.24
14.143535,40.831677,367.2
14.143608,40.832822,110.88
14.143242,40.832507,78.72
14.148468,40.833287,37.44
14.148627,40.832855,57.12
14.148187,40.832207,30.48
14.147947,40.832602,96.24
14.148465,40.82919,1190.4
14.147827,40.833018,39.36
14.147772,40.83354,21.432
14.137807,40.823793,25.68
14.137728,40.824438,393.6
14.137758,40.824923,3120
14.139803,40.832558,21.336
14.140228,40.832352,5.352
14.139798,40.833188,43.2
14.13774,40.831013,49.92
14.137275,40.831378,19.68
14.148837,40.828482,393.6
14.135912,40.83065,13.728
14.137328,40.830593,9.408
14.136593,40.830182,25.44
14.136187,40.829047,13.92
14.13391,40.830043,8.088
14.140458,40.823607,110.4
14.140512,40.823388,63.84
14.14009,40.823375,530.4
14.139678,40.823497,185.76
14.139728,40.823603,34.32
14.1400920320302,40.8239530306309,76.2
14.1404579859227,40.8242830261588,109
14.1407609917223,40.8246590383351,148.4
14.1411980241537,40.8249590266496,98.7
14.1416580229998,40.8251219708472,221.4
14.1420860029757,40.825301008299,50.6
14.1425099596381,40.825308971107,4492.9
14.1430380195379,40.8253389783204,3113.7
14.1430930048227,40.8257170021534,6639.8
14.1426200140268,40.8257030043751,2722.7
14.1420310176909,40.8257090393454,803.3
14.1427729837596,40.8260940201581,2236.5
14.1420150082558,40.8258599974215,831
14.1424760129303,40.8260139729828,1184.4
14.1424200218171,40.8262690342963,7542.6
14.1427910048515,40.8264009654522,2510.2
14.1426190081984,40.826648985967,25.2
14.1427380312234,40.8267659973353,5296.2
14.1426530387253,40.8270079828799,4059.9
14.1428179945797,40.8272369764745,3334.1
14.1431390214711,40.8266079984605,3011.4
14.1434049792588,40.826217988506,3796.2
14.1434939950705,40.8270089887083,40.1
14.1432159673423,40.8275429997593,16.7
14.1430390253663,40.8280449919403,32.6
14.1426969598979,40.8287639915943,34.1
14.1421089693904,40.8292120043188,29.2
14.1415759641677,40.8299500308931,33
14.1405070200562,40.8306469861418,20.5
14.1396929696202,40.8311410155147,21.4
14.1395690012723,40.8312540035695,29.7
14.1427259612828,40.8290789835155,27.7
14.1431120317429,40.8292069751769,17.3
14.1432159673423,40.8285390213132,26.4
14.1433410253376,40.828202990815,26.3
14.1434019617736,40.8278210274875,45.2
14.1435970086604,40.8281709719449,52.7
14.1438379883766,40.8283149730414,41.7
14.1444510407746,40.828150017187,31.9
14.1445379611105,40.8276799600571,43.2
14.1440089792013,40.8275269903243,23.7
14.1440130025148,40.8269260078669,29
14.1440389864147,40.826538009569,38.6
14.1438870225102,40.8263100218028,383.2
14.1442999988794,40.8261319901794,310.9
14.1441079694778,40.8260510209948,1436
14.1446520388126,40.8258790243417,400.5
14.1444239672273,40.8256370387971,4045
14.144201008603,40.8253590110689,180.4
14.1437489725649,40.8252880163491,1034.4
14.1437020339072,40.8254849910736,1382.7
14.1436189692467,40.82593803294,880.1
14.1417199652642,40.8254920318723,62.1
14.1413990221918,40.8251839969307,193.5
14.1409700363874,40.825168993324,245.3
14.1405640169978,40.8253330271691,69.5
14.1401160042733,40.8250249922276,47
14.1397649701685,40.8248170372099,42.2
14.1402230411768,40.8247100003064,115.3
14.1395990084857,40.8245599642396,33.8
14.1388319805264,40.824717041105,67.8
14.1401089634746,40.8243650011718,47.1
14.1421709954739,40.8249829988927,87.9
14.1425610054284,40.8247769717127,67.2
14.1418069694191,40.8248759619892,1116.1
14.1420249827206,40.824650991708,12348.3
14.1423949599266,40.8245219942182,3604.3
14.142683967948,40.8244919870049,4221.3
14.1414720285684,40.8249420113862,153
14.141388963908,40.8247049711645,81.6
14.145845035091,40.8302269689739,58.8
14.1456359904259,40.8299760147929,96.7
14.1455939970911,40.8297089673579,140.5
14.1452640015632,40.8298790361732,121.4
14.1448139771819,40.8296930417418,133.2
14.1445719916373,40.8295000065118,191.4
14.145681001246,40.8295529801399,332
14.1455000359565,40.8295389823616,155.8
14.1455840226263,40.82937897183,568.7
14.145606989041,40.8290649857372,1896
14.1455759759992,40.8288270235062,4075.6
14.1458270139992,40.8286899793893,3091
14.1460740286857,40.8286189846694,2303.3
14.1460619587451,40.8287889696658,2593.4
14.1462630406022,40.8289069868624,116.4
14.146532015875,40.8289290312678,121.4
14.1470340080559,40.8289700187743,490.3
14.1474639996886,40.8287800010294,274.8
14.1475579608232,40.8287100121379,36
14.147325027734,40.8285520132631,1733.9
14.1472859680653,40.8291990123689,2026.1
14.1475349944085,40.8292219787836,157.4
14.1474299691617,40.8295379765332,130.9
14.1468500252813,40.8292320370674,37
14.1466239653528,40.8294040337205,1369.2
14.1462750267237,40.8297200314701,6897.9
14.1463330294937,40.8301640208811,45.9
14.1470230277628,40.8300910145044,521.8
14.1476560290903,40.829769987613,29.1
14.1432199906558,40.8218490052968,29.8
14.1431309748441,40.8214200194925,43.4
14.1426770109683,40.8216989692301,41.2
14.1425340157002,40.8214279823005,32.8
14.1426749993116,40.8225300349295,57.2
14.1429540328681,40.8226560149342,41.2
14.1379419900477,40.8195589855313,21.5
14.1381989791989,40.8186870161444,13.8
14.1376509703696,40.8188639581203,16.8
14.1377959772944,40.8185290172696,24.2
14.1403439920396,40.8181830123067,16.1
14.1414240002632,40.8186349645257,17.1
14.1407120414078,40.8242049906403,54
14.1410680208355,40.8240540325642,8587.7
14.1414840146899,40.8239660225809,2019
14.14985,40.82782,69.08592
14.149629,40.827539,72.3177
14.149809,40.827333,85.651
14.150116,40.827708,967.90928
14.149997,40.827916,235.35482
14.149851,40.828525,305.74758
14.148507,40.829191,1731.70428
14.148195,40.829273,202.43658
14.148743,40.828913,129.20056
14.148732,40.827855,255.2753
14.147937,40.82794,139.514
14.147877,40.827573,102.81652
14.147246,40.827719,93.12118
14.146728,40.827888,100.73264
14.146345,40.828024,167.43446
14.146644,40.828131,54.37514
14.147103,40.828237,56.26476
14.14719,40.828017,72.33536
14.148562,40.828236,52.097
14.147059,40.826835,109.26242
14.147488,40.826584,38.72838
14.147391,40.826246,40.81226
14.14715,40.825425,122.59572
14.146635,40.826093,764.90758
14.146615,40.825439,5671.40304
14.146409,40.825222,5612.31268
14.146438,40.824626,3545.84544
14.146229,40.824252,2745.65318
14.14737,40.823603,91.53178
14.147955,40.822966,72.68856
14.149276,40.823449,40.81226
14.149468,40.822819,28.64452
14.149852,40.823542,41.2361
14.147931,40.823356,71.54066
14.149255,40.824662,53.7747
14.148848,40.824841,44.15
14.14775,40.8249,5570.63508
14.147717,40.824693,4023.17758
14.147492,40.824033,138.0129
14.148684,40.823814,123.39042
14.149329,40.823885,16.84764
14.149981,40.824247,45.58046
14.150122,40.824695,31.54076
14.149529,40.82649,23.69972
14.149928,40.826281,29.70412
14.149066,40.826544,20.2207
14.150072,40.825244,52.73276
14.150067,40.825948,37.84538
14.148326,40.826858,101.33308
14.14794,40.826776,527.27462
14.148116,40.825008,1311.20202
14.14618,40.825569,345.62386
14.146035,40.825247,371.79598
14.145606,40.825069,138.43674
14.145375,40.824739,186.24236
14.145325,40.824501,50.26036
14.144595,40.824454,24.52974
14.144513,40.823887,36.30896
14.144915,40.823627,31.11692
14.144796,40.823418,63.64664
14.146543,40.823006,48.58266
14.146529,40.823355,32.63568
14.146881,40.823391,32.98888
14.146695,40.823691,458.57722
14.146972,40.823969,58.87844
14.147123,40.823185,52.11466
14.146841,40.822967,19.76154
14.146236,40.823393,27.8145
14.146205,40.8229,21.70414
14.137753,40.833137,3.58498
14.137676,40.833412,22.85204
14.137424,40.832957,84.27352
14.137358,40.833519,12.7152
14.136989,40.833932,33.35974
14.136728,40.833499,52.04402
14.136921,40.833006,34.36636
14.137228,40.832484,41.04184
14.137513,40.83222,9.39512
14.138739,40.832126,13.81012
14.138549,40.831358,46.799
14.137857,40.832632,28.92708
14.144507,40.822746,18.3664
14.144039,40.822618,48.08818
14.143796,40.823085,64.88284
14.143398,40.824026,35.03744
14.143109,40.823575,49.60694
14.142412,40.823531,44.80342
14.143402,40.822729,184.0172
14.143054,40.823151,58.8078
14.14245,40.823163,168.51172
14.14185,40.823347,67.53184
14.141593,40.823582,98.93132
14.140992,40.823355,138.75462
14.140754,40.823691,460.55514
14.140635,40.823896,599.80424
14.141056,40.823951,1010.5935
14.1415,40.823936,5196.03116
14.141867,40.823898,2486.3514
14.140483,40.823784,259.3371
14.141401,40.823356,138.06588
