d18O,d2H
-21.0967040569254,-156.446561146015
-21.0051885160844,-151.739687718481
-20.8038543262341,-160.232979325499
-20.7763996639818,-154.580327120361
-20.7763996639818,-158.29077471119
-20.6925104182109,-152.240653194394
-20.5171056315989,-159.832206944768
-20.3920343924495,-153.866864200819
-20.349327140057,-157.545749131627
-20.0717299995059,-148.710773379499
-20.0442753372536,-155.472155769789
-19.8978504719079,-151.801345007824
-19.7056678361417,-147.092269534241
-19.7188867475965,-153.383882100964
-19.4660635110306,-150.520554951923
-19.4036665513663,-144.494956220661
-19.1558119615885,-147.693428105337
-19.289272125315,-151.277258048407
-19.0833621584227,-141.533204286142
-18.8545733063201,-145.975832187921
-18.7376367819121,-140.221763528685
-18.6086252903098,-148.936207843659
-18.5088479298095,-145.61677634621
-18.4808848478859,-135.535381362986
-18.4173323889685,-141.761483059782
-18.2805212774082,-132.328151340619
-18.3054800612739,-148.710773379499
-18.1682067500124,-138.307206825867
-18.1052898156841,-141.190510869927
-18.1453278648021,-143.624047008689
-18.0766912091713,-148.238434502209
-18.010134452196,-131.960309557606
-17.9760241142462,-151.277258048407
-17.8373428715871,-137.428082288255
-17.7767236030813,-124.610480407497
-17.8021445866482,-128.301109583894
-17.8021445866482,-142.002974109709
-17.647712111479,-130.89181675933
-17.6648712753867,-143.911414017949
-17.7106290458072,-150.699220960815
-17.51615852152,-135.24636281919
-17.4564192101376,-123.171810322824
-17.4767559969912,-126.948319295092
-17.5733557345456,-140.94966208343
-17.1823347873158,-132.212543923101
-17.2301724563918,-136.017078935979
-17.1558160794584,-122.606618503845
-17.1500963581559,-128.656740020641
-17.1092412059947,-125.645442050043
-16.8869891782379,-131.254053334221
-16.8137767455651,-121.103722076106
-16.8297919652122,-123.242459300196
-16.7954736373968,-127.605263032736
-16.5666847852943,-131.06577839712
-16.6124425557148,-120.294470153477
-16.4751692444532,-124.588459947018
-16.4751692444532,-126.976578886041
-16.3664945397045,-132.462150847288
-16.273835054603,-113.265539168359
-16.1443053660279,-125.416768037369
-16.2921381627712,-127.41588707261
-16.1091070810891,-116.776701591846
-15.926075999407,-113.358025102374
-15.8154947208908,-124.591212504578
-15.9489548846173,-126.537270699471
-15.7596841069688,-115.936420838542
-15.5803506228965,-110.711899768064
-15.6286504916737,-124.803159436695
-15.4593467411177,-112.880181109964
-15.4435395113361,-117.940282742194
-15.3312249839403,-110.121017411859
-15.2625883283095,-114.668242500916
-15.1481939022582,-117.25564660728
-15.1481939022582,-119.931132555562
-14.9651628205762,-118.444751473183
-14.794611130827,-107.283380800044
-14.6651952144861,-103.467168270244
-14.6448584276326,-109.697123547625
-14.5533428867915,-99.4851350001664
-14.3703118051094,-93.0111196191364
-14.3952705889752,-103.415787195792
-14.4618273459505,-108.964943236675
-14.2055838315956,-100.040050604255
-14.0774620744181,-92.4562040150481
-13.885279438652,-95.554482804541
-13.9264614320304,-99.4774278389985
-13.8822289206239,-102.182641408929
-13.7297030192222,-91.1614009388421
-13.5674709240949,-95.2181703172148
-13.6839452488017,-97.5583447081932
-13.6055033566522,-101.775262890055
-13.4818484294444,-105.506354662583
-13.6153085931709,-107.346439391417
-13.4093986262786,-90.6989712687685
-13.3064436428324,-87.3463561607351
-13.2797516100871,-95.5159469987016
-13.2530595773418,-101.334853680461
-13.2067570715592,-106.223395906953
-13.1348520037555,-79.6006591870027
-13.1348520037555,-82.8046361867982
-13.0183776790487,-90.6359126773948
-12.9804195285863,-86.5660060924859
-12.8969115975688,-93.612278190232
-12.9351817328296,-100.164766484972
-12.9975786924939,-102.606535273163
-12.8145476108119,-79.1382295169291
-12.8145476108119,-82.309175826005
-12.7128636765441,-97.378510947609
-12.6772742995503,-75.9012218264141
-12.6772742995503,-85.8764904237155
-12.6772742995503,-88.9153139699133
-12.6406680832139,-92.3637180810334
-12.6315165291298,-101.202730917583
-12.4942432178683,-79.1382295169291
-12.4667885556159,-83.1151246795619
-12.43132628354,-99.0516071844725
-12.3569699066067,-76.4297128779267
-12.3444905146738,-86.7052604817694
-12.2940529722785,-91.6816343176748
-12.1489800410589,-79.6426982479184
-12.1464841626723,-83.8550121516796
-12.0092108514108,-86.7914405566468
-12.0503928447892,-94.9764457169491
-11.9737485793349,-91.1035972300829
-11.853634431981,-78.3454929396601
-11.8485502352676,-81.8871170001442
-11.7163611207195,-71.012679599922
-11.7163611207195,-94.0053434097945
-11.6600438648173,-88.1378223268225
-11.670603350299,-91.6238306089156
-11.5516331472056,-73.820288311083
-11.5333300390374,-79.7327819498808
-11.3960567277759,-68.5023471052369
-11.3788975638682,-94.2249975030795
-11.3397394718737,-85.7901024633721
-11.3502989573553,-90.3686643615731
-11.3502989573553,-92.317475114026
-11.2333624329474,-72.1504033913728
-11.2587834165143,-75.6700069913773
-11.2404803083461,-77.9359123747378
-11.2038740920097,-82.0052934713852
-11.0482976725799,-70.3520657855312
-11.0871917774374,-93.9648808136631
-11.0194350789301,-86.3592466726934
-11.0299945644117,-90.8310940316466
-10.927919538089,-74.1226461722849
-10.8652665908979,-81.4966208343043
-10.7304891580229,-68.3762299224895
-10.7293006445055,-77.993165571985
-10.703589135412,-87.7394213802976
-10.6181746306271,-73.0936131152531
-10.5474580763408,-82.2911590856126
-10.5094999258783,-62.2884484136232
-10.435143548945,-66.6526284249425
-10.4300593522316,-70.4291373972101
-10.4076888866927,-77.7509405067084
-10.3893857785245,-87.6766630679305
-10.2246578050106,-82.7914239105103
-10.2063546968424,-60.3767971882297
-10.2063546968424,-63.6138048787448
-10.2063546968424,-74.0515031461198
-10.0815607775137,-66.8628237295214
-10.1422938182537,-69.8742217931218
-10.0894181724344,-76.4664136453929
-10.080520828186,-80.0630888570762
-10.080520828186,-87.1151413256983
-9.91655548417914,-83.2487154731387
-9.8860503038988,-61.5394775015575
-9.76911377949081,-64.700147595743
-9.84029253347828,-68.0399174351633
-9.79453476305776,-71.519150190955
-9.79453476305776,-74.7121169605106
-9.79453476305776,-77.9491246510256
-9.73352440249708,-81.1035556147418
-9.86317141868854,-86.9995339081799
-9.44927158624841,-62.4907613942804
-9.56574591095518,-64.7258381329693
-9.45516463243893,-70.3135299796917
-9.47423037011414,-74.6460555790715
-9.47423037011414,-77.8830632695865
-9.4996513536811,-80.6796617505077
-9.12896719330479,-61.7620843384069
-9.14629968210044,-65.9846744570585
-9.17680486238078,-69.5042780570629
-9.15392597717052,-72.5320913730209
-9.15392597717052,-75.7690990635359
-9.15392597717052,-79.3437538147396
-9.11960764935514,-81.1035556147418
-8.89768246281563,-56.8722409028864
-8.81836899408673,-59.7033381052258
-8.81836899408673,-65.3038752205613
-8.81836899408673,-69.4528969826103
-8.84506102683204,-72.7798215534174
-8.83362158422691,-76.0663752800118
-8.91369768246281,-79.3694443519659
-8.58576699444911,-55.4387089256583
-8.50499759666138,-62.553819985654
-8.5224687453674,-67.3925158970603
-8.51331719128329,-70.286004404092
-8.5224687453674,-73.6353164430535
-8.2753767850966,-53.7739621133934
-8.23877056876019,-57.9468393742955
-8.19873251964224,-61.5948039085128
-8.16555813608736,-64.4946232979325
-8.20826538847985,-67.9885363607106
-8.1805334064068,-71.9495501003308
-7.95366446075543,-50.1830178677067
-8.10149725749864,-52.7797383227353
-7.90702673321144,-56.7681942271198
-7.96422394623709,-61.1034723840596
-7.96422394623709,-64.2634084628957
-7.95278450363196,-68.1555248526817
-7.98710283144735,-71.8549622132703
-7.61896076942774,-47.1885432209366
-7.7354350941345,-49.9280886906149
-7.61646489104116,-54.5909211971901
-7.68967732371399,-57.2498918001132
-7.52698302888548,-43.4283827723585
-7.32933488165241,-47.5196008256483
-7.31305567486819,-52.8330955923591
-7.22154013402716,-43.2465728166031
-6.9783519835405,-49.7178933860359
-7.10626575085239,-52.6641309052169
-6.90798207903016,-42.5484818723574
-6.93467411177546,-44.6486832906082
-6.67385482037851,-48.4483137463794
-6.59149083362158,-40.1620144678705
-6.46729117105161,-49.9390989208547
-6.34744939137882,-45.4772031161567
-6.24622765681223,-36.3634850351233
-6.362701981519,-38.829776608849
-6.21398922765232,-43.0879831541099
-6.29406532588822,-49.6583380497386
-6.10849214584946,-31.6621167227086
-6.17967089983693,-45.3808636015581
-5.93944260512922,-34.8991244132236
-5.81360873647279,-29.6582548190565
-5.6191382121856,-32.7025834803742
-5.61532506465056,-35.8753648278234
-5.46834555966344,-25.2021143619838
-5.49330434352918,-29.1958251489829
-5.28531447798137,-32.355761227819
-5.26451549142659,-35.4848686619835
-5.17299995058556,-23.6466691081
-5.14554528833325,-27.6466857542364
-4.94421109848297,-34.0183059940359
-4.84213607216028,-24.0557415085497
-4.91370591820263,-28.3480374205146
-4.76118001680091,-19.4848020774378
-4.62390670553936,-31.5905502261496
-4.52183167921666,-22.9708103595309
-4.53239116469833,-26.9992842161334
-4.44087562385729,-18.0975130672171
-4.46375450906755,-32.9530662183307
-4.2709181908668,-27.5442906130058
-4.23038987992291,-21.5426141092652
-4.09515024734672,-17.840607694954
-4.09442393353052,-24.8577944344831
-3.95584325739981,-14.0743749375769
-4.05193457528289,-27.9241435562805
-3.7748458544031,-19.1251345562695
-3.86127719853074,-23.4668353475158
-3.65243404122684,-13.330930314151
-3.62867519889311,-17.2689932416686
-3.47996244502644,-20.1233954313489
-3.43420467460592,-8.84891966574554
-3.31523447151258,-12.848936311882
-3.3701437960172,-15.6466358158271
-3.13220338983051,-17.5425974631288
-3.09483454398708,-9.50402836501644
-2.99493007856896,-14.213103838599
-2.79359588871868,-6.53677131537766
-2.79359588871868,-9.74074831517315
-2.76744859133553,-14.2329222530308
-2.47329149577507,-7.24142605072788
-2.23941844695909,-9.7480884686664
-2.14154766022632,-4.89257693289383
-1.92419825072886,-7.99012170703747
-1.83268270988783,-2.8923851059883
-1.58482812011003,-6.76798615041444
-1.51237831694421,-0.492154913701626
-1.28358946484163,-5.1659976505167
-1.23783169442111,-1.29590172121047
-1.21495280921085,-8.27088257815358
-1.10055838315956,-4.45583780004657
-4.15254237288136,-30.7504078303425
-4.10411622276028,-35.1549755301794
-4.00726392251816,-39.5595432300163
-3.18401937046004,-35.6443719412724
-2.2639225181598,-35.1549755301794
-3.18401937046004,-28.3034257748776
-0.665859564164649,-3.83360522022835
-0.326876513317188,-1.8760195758564
1.85230024213075,24.5513866231648
-0.617433414043582,11.8270799347472
-3.18401937046004,22.5938009787929
-5.46004842615012,-5.79119086460028
-4.58837772397094,-10.1957585644372
-5.60532687651332,-16.557911908646
-6.76755447941888,-28.7928221859706
-7.590799031477,-26.3458401305057
-7.49394673123486,-63.0505709624796
-7.05811138014527,-62.0717781402936
-6.62227602905569,-61.0929853181077
-5.75060532687651,-52.2838499184339
-5.26634382566586,-48.858075040783
-5.84745762711864,-41.5171288743882
-5.26634382566586,-40.5383360522023
-5.70217917675545,-46.4110929853181
-15.9685230024213,-86.0522022838499
-16.1622276029056,-91.4355628058727
-16.501210653753,-98.7765089722675
-11.5133171912833,-109.05383360522
-15.2421307506053,-99.7553017944535
-21.3922518159806,-177.079934747145
-21.7796610169492,-164.355628058728
-21.3922518159806,-163.866231647635
-22.0217917675545,-157.014681892333
-27.2033898305085,-191.761827079935
-22.409200968523,-150.652528548124
-27.0581113801453,-204.975530179445
-27.590799031477,-212.31647634584
-28.6561743341404,-217.699836867863
-28.8983050847458,-221.615008156607
-29.7699757869249,-228.466557911909
-30.2542372881356,-230.913539967374
-30.4963680387409,-235.807504078303
-31.9007263922518,-247.063621533442
