  id	cod.reg	cod.pro	prov	reg	area	P4	P3	P2	P1	AA	long	lat
1	4	21	Bolzano	Trentino-Alto Adige	7,398	143	78	63	9	0	11.33	46.50
2	5	25	Belluno	Veneto	3,610	28	56	24	21	219	12.22	46.13
3	6	30	Udine	Friuli Venezia Giulia	4,969	118	30	9	4	7	13.23	46.07
4	3	14	Sondrio	Lombardia	3,196	204	261	220	0	0	9.88	46.18
5	4	22	Trento	Trentino-Alto Adige	6,207	0	1,279	1,536	1,213	0	11.13	46.07
6	1	3	Novara	Piemonte	1,340	2	1	3	0	0	8.63	45.45
7	6	93	Pordenone	Friuli Venezia Giulia	2,275	36	6	2	4	0	12.65	45.95
8	3	17	Brescia	Lombardia	4,785	233	163	143	1	0	10.20	44.53
9	3	13	Como	Lombardia	1,279	41	62	48	0	0	9.08	45.80
10	3	12	Varese	Lombardia	1,198	17	7	23	0	0	8.82	45.83
11	5	26	Treviso	Veneto	2,480	1	1	0	3	5	12.25	45.67
12	3	16	Bergamo	Lombardia	2,755	251	95	51	0	0	9.67	45.70
13	6	31	Gorizia	Friuli Venezia Giulia	475	0	1	0	0	0	13.63	45.95
14	5	24	Vicenza	Veneto	2,722	9	10	5	4	31	11.55	45.55
15	2	7	Aosta	Valle D'Aosta	3,261	1,451	1,220	424	0	0	7.32	45.73
16	1	2	Vercelli	Piemonte	2,082	27	17	13	0	0	8.42	45.33
17	5	27	Venezia	Veneto	2,473	0	0	0	0	0	12.35	45.43
18	5	23	Verona	Veneto	3,096	14	4	2	1	0	11.00	45.45
19	6	32	Trieste	Friuli Venezia Giulia	213	1	0	0	0	0	13.77	45.65
20	3	15	Milano	Lombardia	1,575	0	0	0	0	0	9.18	45.47
21	6	30	Udine	Friuli Venezia Giulia	4,969	118	30	9	4	7	13.23	46.07
22	6	31	Gorizia	Friuli Venezia Giulia	475	0	1	0	0	0	13.63	45.95
23	5	28	Padova	Veneto	2,144	0	2	3	1	6	11.88	45.40
24	10	55	Terni	Umbria	2,127	4	131	97	19	0	12.67	42.57
25	3	19	Cremona	Lombardia	1,770	0	0	0	0	0	10.03	45.13
26	5	27	Venezia	Veneto	2,473	0	0	0	0	0	12.35	45.43
27	5	27	Venezia	Veneto	2,473	0	0	0	0	0	12.35	45.43
28	3	20	Mantova	Lombardia	2,341	0	0	0	0	0	10.78	45.15
29	3	18	Pavia	Lombardia	2,969	62	93	40	0	0	9.17	45.18
30	5	27	Venezia	Veneto	2,473	0	0	0	0	0	12.35	45.43
31	5	27	Venezia	Veneto	2,473	0	0	0	0	0	12.35	45.43
32	1	6	Alessandria	Piemonte	3,559	95	134	0	0	0	8.62	44.92
33	5	29	Rovigo	Veneto	1,820	0	0	0	0	0	11.80	45.07
34	8	33	Piacenza	Emilia-Romagna	2,586	100	354	5	0	0	9.68	45.05
35	1	5	Asti	Piemonte	1,510	34	56	2	0	0	8.20	44.88
36	8	34	Parma	Emilia-Romagna	3,447	215	398	105	0	0	10.35	44.80
37	8	35	Reggio nell'Emilia	Emilia-Romagna	2,291	135	181	3	0	0	10.63	44.70
38	8	38	Ferrara	Emilia-Romagna	2,627	0	0	0	0	0	11.63	44.83
39	8	36	Modena	Emilia-Romagna	2,688	87	276	50	4	13	10.92	44.65
40	1	4	Cuneo	Piemonte	6,895	219	273	34	0	0	7.55	44.40
41	8	37	Bologna	Emilia-Romagna	3,702	34	447	21	87	599	11.35	44.50
42	7	10	Genova	Liguria	1,834	56	400	427	218	2	8.92	44.42
43	8	39	Ravenna	Emilia-Romagna	1,859	28	93	7	4	51	12.20	44.42
44	7	9	Savona	Liguria	1,546	12	100	317	309	0	8.47	44.32
45	9	45	Massa	Toscana	1,155	34	65	181	1	0	10.08	44.33
46	7	11	La Spezia	Liguria	881	25	51	116	52	0	9.83	44.12
47	8	40	Forlì	Emilia-Romagna	2,378	388	347	114	65	0	12.05	44.22
48	9	46	Lucca	Toscana	1,774	61	407	157	738	0	10.52	43.85
49	9	48	Firenze	Toscana	3,514	183	553	704	1,211	98	11.25	43.77
50	9	47	Pistoia	Toscana	964	10	119	89	372	25	10.92	43.93
51	7	8	Imperia	Liguria	1,155	10	112	574	364	0	8.02	43.88
52	11	41	Pesaro	Marche	2,568	53	170	133	95	0	12.92	43.90
53	9	51	Arezzo	Toscana	3,233	61	296	244	1,543	0	11.88	43.47
54	9	50	Pisa	Toscana	2,445	83	237	465	251	0	10.40	43.72
55	9	51	Arezzo	Toscana	3,233	61	296	244	1,543	0	11.88	43.47
56	11	42	Ancona	Marche	1,963	5	171	89	42	0	13.52	43.62
57	9	49	Livorno	Toscana	1,214	16	76	23	17	0	10.32	43.55
58	10	54	Perugia	Umbria	6,337	5	354	312	275	0	12.40	43.12
59	9	52	Siena	Toscana	3,821	146	456	384	423	0	11.30	43.32
60	11	43	Macerata	Marche	2,779	13	190	216	120	0	13.45	43.30
61	11	44	Ascoli Piceno	Marche	1,228	6	64	51	15	0	13.57	42.85
62	9	53	Grosseto	Toscana	4,503	129	752	3	1	0	11.12	42.77
63	9	49	Livorno	Toscana	1,214	16	76	23	17	0	10.32	43.55
64	13	67	Teramo	Abruzzo	1,954	74	235	3	66	0	13.72	42.67
65	16	73	Taranto	Puglia	2,467	5	4	14	1	0	17.23	40.47
66	9	49	Livorno	Toscana	1,214	16	76	23	17	0	10.32	43.55
67	12	56	Viterbo	Lazio	3,615	31	96	18	6	68	12.12	42.55
68	12	57	Rieti	Lazio	2,750	8	64	15	9	0	12.87	42.37
69	9	49	Livorno	Toscana	1,214	16	76	23	17	0	10.32	43.55
70	13	66	L'Aquila	Abruzzo	5,047	345	229	8	215	336	13.40	42.35
71	13	68	Pescara	Abruzzo	1,230	57	147	0	46	0	14.22	42.45
72	13	69	Chieti	Abruzzo	2,600	151	431	0	139	0	14.17	42.35
73	9	53	Grosseto	Toscana	4,503	129	752	3	1	0	11.12	42.77
74	9	53	Grosseto	Toscana	4,503	129	752	3	1	0	11.12	42.77
75	12	58	Roma	Lazio	5,363	113	33	24	13	347	12.48	41.90
76	14	70	Campobasso	Molise	2,925	102	440	14	181	84	14.65	41.57
77	16	71	Foggia	Puglia	7,007	103	456	1,097	11	9	15.55	41.47
78	12	60	Frosinone	Lazio	3,247	468	14	54	28	901	13.37	41.63
79	14	94	Isernia	Molise	1,535	124	49	55	61	245	14.23	41.60
80	12	59	Latina	Lazio	2,256	114	4	7	2	106	12.88	41.47
81	15	61	Caserta	Campania	2,651	341	12	25	7	519	14.32	41.07
82	15	62	Benevento	Campania	2,080	206	146	152	32	581	14.77	41.13
83	16	72	Bari	Puglia	3,863	1	4	3	10	0	16.88	41.12
84	15	64	Avellino	Campania	2,806	361	294	198	62	727	14.78	40.92
85	20	90	Sassari	Sardegna	7,692	59	430	824	510	0	8.57	40.72
86	20	90	Sassari	Sardegna	7,692	59	430	824	510	0	8.57	40.72
87	20	90	Sassari	Sardegna	7,692	59	430	824	510	0	8.57	40.72
88	15	64	Avellino	Campania	2,806	361	294	198	62	727	14.78	40.92
89	17	76	Potenza	Basilicata	6,594	221	247	282	137	592	15.82	40.63
90	20	90	Sassari	Sardegna	7,692	59	430	824	510	0	8.57	40.72
91	15	63	Napoli	Campania	1,179	106	93	48	81	0	14.25	40.35
92	12	59	Latina	Lazio	2,256	114	4	7	2	106	12.88	41.47
93	20	90	Sassari	Sardegna	7,692	59	430	824	510	0	8.57	40.72
94	16	74	Brindisi	Puglia	1,861	1	1	1	0	0	17.93	40.65
95	20	91	Nuoro	Sardegna	5,638	164	584	992	972	0	9.27	40.32
96	15	65	Salerno	Campania	4,954	268	828	767	1,218	1,154	14.77	40.68
97	17	77	Matera	Basilicata	3,479	47	87	268	76	0	16.60	40.68
98	20	111	Sud Sardegna	Sardegna	6,531	91	158	590	507	0	8.52	39.15
99	15	63	Napoli	Campania	1,179	106	93	48	81	0	14.25	40.35
100	15	63	Napoli	Campania	1,179	106	93	48	81	0	14.25	40.35
101	15	63	Napoli	Campania	1,179	106	93	48	81	0	14.25	40.35
102	16	75	Lecce	Puglia	2,799	9	8	7	0	0	18.18	40.35
103	20	95	Oristano	Sardegna	2,990	15	106	129	133	0	8.60	39.90
104	18	78	Cosenza	Calabria	6,710	63	105	143	8	9	16.25	39.28
105	20	92	Cagliari	Sardegna	1,249	12	30	82	85	0	9.17	39.22
106	18	79	Catanzaro	Calabria	2,415	20	33	68	3	10	16.58	38.90
107	20	92	Cagliari	Sardegna	1,249	12	30	82	85	0	9.17	39.22
108	19	83	Messina	Sicilia	3,266	99	53	159	55	21	15.57	38.18
109	19	82	Palermo	Sicilia	5,009	161	69	258	71	52	13.35	38.12
110	19	83	Messina	Sicilia	3,266	99	53	159	55	21	15.57	38.18
111	18	80	Reggio di Calabria	Calabria	3,210	45	48	44	2	6	15.65	38.10
112	19	83	Messina	Sicilia	3,266	99	53	159	55	21	15.57	38.18
113	19	83	Messina	Sicilia	3,266	99	53	159	55	21	15.57	38.18
114	19	83	Messina	Sicilia	3,266	99	53	159	55	21	15.57	38.18
115	19	83	Messina	Sicilia	3,266	99	53	159	55	21	15.57	38.18
116	19	83	Messina	Sicilia	3,266	99	53	159	55	21	15.57	38.18
117	19	83	Messina	Sicilia	3,266	99	53	159	55	21	15.57	38.18
118	19	82	Palermo	Sicilia	5,009	161	69	258	71	52	13.35	38.12
119	1	1	Torino	Piemonte	6,827	261	338	35	0	0	7.70	45.07
120	19	81	Trapani	Sicilia	2,470	54	7	33	11	16	12.53	38.02
121	19	81	Trapani	Sicilia	2,470	54	7	33	11	16	12.53	38.02
122	19	87	Catania	Sicilia	3,574	5	13	42	8	4	15.08	37.50
123	19	81	Trapani	Sicilia	2,470	54	7	33	11	16	12.53	38.02
124	19	81	Trapani	Sicilia	2,470	54	7	33	11	16	12.53	38.02
125	19	86	Enna	Sicilia	2,575	9	10	90	22	67	14.27	37.57
126	19	85	Caltanissetta	Sicilia	2,138	10	7	92	12	17	14.07	37.48
127	19	84	Agrigento	Sicilia	3,053	21	30	127	34	17	13.60	37.30
128	19	85	Caltanissetta	Sicilia	2,138	10	7	92	12	17	14.07	37.48
129	19	89	Siracusa	Sicilia	2,124	15	7	1	0	6	15.28	37.07
130	19	88	Ragusa	Sicilia	1,624	5	2	2	10	8	14.73	36.93
131	19	81	Trapani	Sicilia	2,470	54	7	33	11	16	12.53	38.02
132	19	84	Agrigento	Sicilia	3,053	21	30	127	34	17	13.60	37.30
133	19	84	Agrigento	Sicilia	3,053	21	30	127	34	17	13.60	37.30
