Name	Date	BH Pressure	Area	Av. Thickness	Av. Porosity	Av. Permeability	Av. Sw	API Gravity
Akron E.	1955	960	1240	12	22	375	13	33
Ambush	1973	960	960	21	8	0.1	46	42
Arroyo	1980	1600	400	24	12	8	42	41
Atwood E.	1954	1055	1180	9	23	80	52	36
Baseline	1980	900	1400	6.2	8.5	0.8	19.2	39
Krauthead	1980	2890	720	6.5	9.6	10.7	18.4	40
Banner E.	1981	.	240	.	.	.	.	40
Fence Post	1980	.	200	6.7	8.5	.	.	40
Horse Creek	1980	.	160	3	8.6	.	.	40
Sloan	1974	600	160	3.2	8.3	.	.	40
Beacon	1955	1492	920	39	19.3	210	32	39
Beall Creek	1956	1080	280	15	17.7	212	42.5	37
Bison	1960	862	840	14	24	450	62	22
Lindon	1959	916	480	14	24	450	62	22
Blackjack	1967	1200	200	26	19.7	367	53.2	41
Blade	1962	864	600	9	28	300	53	24
Border	1956	1450	1400	8	17	.	45	38
Busy Bee	1955	1625	240	11	16.5	.	35	.
Chiefton	1973	.	6240	11	10	.	30	56
Hawkeye	1971	.	2640	11	10	.	30	56
Cimarron	1967	811	280	3	19.8	1065	51.1	23
Comanche Creek	1970	2000	8360	10	14	20	35	37
Darby Creek	1955	1300	560	21	20	.	40	39
Deer Trail	1960	1793	1920	10	15	.	40	39
DeNova	1956	.	80	12	26.1	758	20	20
Divide	1952	1225	1720	6	23	260	44	39
Divide West	1954	1325	160	30	18	.	.	39
Elm Grove	1957	1240	520	15	20	.	37	35
Frasco	1954	1420	280	8	19	350	52	39
Holster-Bugle	1972	.	1850	5	11	275	.	43
Hombre	1970	1897	1620	17.5	12	6	33	38.7
Irondale	1972	2100	1760	42	10	15	.	45
Jackpot	1955	1760	1440	6	15.8	60	27	39
Jamboree	1970	.	960	6	5	0.1	37	35.6
Kiowa Creek	1955	1760	1440	6	18	97	33	57.7
Little Hoot	1953	1425	1280	33	17	20	42	38
Lonetree	1974	1700	960	14	15	.	33	41
Longbranch	1972	2523	3640	13	12.5	.	40	58
Longhorn	1980	1751	40	18	14.3	37.8	37.1	38
Lost Creek	1957	2015	4800	25	12.5	48	30	47
Lanyard	1974	.	760	14	15.2	48.7	10	39.8
Lowry	1972	2525	880	32	11.8	65	40	39.1
Moccasin	1964	870	360	13.5	18.4	225	45.5	62
N.E. Riverside II	1980	2153	800	11	12	45	18	40.8
Nugget	1955	1210	760	6	19	157	38	39
Park	1954	1560	400	7	14	120	32	38.5
Peace Pipe	1972	2021	1280	18	12	.	35	38
Sidewinder	1973	2021	320	26	13	.	45	37.8
Peoria North	1970	2558	1200	8	14	.	41	38
Plum Bush Creek	1954	1290	1920	20	20	300	30	40
Pollen	1980	2312	600	12	13	27	35	41.5
Poncho	1971	1650	908	23	18.1	53	35	40
Quail	1979	2022	1600	20	8	.	45	46
Radar	1976	2800	640	50	8.5	.	38	40
Rago North	1954	1058	240	22	24	1208	12.8	44
Redwing	1968	865	960	15	25	700	37	29
Roman Nose	1967	1289	320	10	14.5	30	45	41
Roundup	1967	1800	2375	11	15	5.5	35	38
Running Creek	1980	1900	320	10	12	.	40	39.7
Sand River	1954	.	960	12	20	150	.	39
Sodbuster	1972	1250	120	8	17	100	60	39
Sooner	1969	1755	920	8	12	150	54	43
Stampede	1973	950	240	5.8	22	.	37	27.6
Totem	1971	2288	1550	13	14	36	38	60
Trapper	1971	2819	1920	7.7	10.2	.	.	40
Vallery	1954	1400	400	39	16	465	30	42
West Fork	1956	1250	800	7.7	24	223	35	43
Xenia West	1954	680	760	22	19.5	660	42	45
Young	1957	1610	640	35	20.2	500	37	38
Zenith	1979	.	880	15	9	.	70	42
Allchin	1958	940	460	25	18	.	.	37
Anderson	1956	1375	120	16	20.9	323	42.5	36
Aue Unit	1956	1468	1126	10	22.3	136	28	38.6
Baltensperger	1953	2695	1040	13	12.7	19.3	30	39
Barrett	1958	2099	1040	14	15	155	.	37
Bridgeport	1970	941	200	10	23	.	.	37
Brinkerhoff	1959	1425	560	8	17	55	.	38.9
Brook	1959	1270	560	17	17.4	186	.	38
Craig	1956	1200	160	4	17	.	30	36
Dunlap	1960	983	280	15	22	.	.	36.7
Edwards	1957	1550	1040	8	13.3	16.6	38.4	38
Faro North	1961	900	160	25	26.4	443	30	37
Fernquist	1956	650	600	20	10	3	40	38
Zoller State	1955	2000	400	20	10	3	40	38
Graff	1959	830	320	21	20	500	43	34
Heidemann	1956	1550	1120	17	20	145	35	38
Highline	1978	969	200	10	15	75	70	35
Houtby	1954	1550	1000	8	18	100	30	37
Idle Acres	1977	1250	320	9	16	264	35	36
Ittner	1954	1300	480	12	19.8	130	.	37.1
Juelfs-Gaylord	1955	1290	2571	12	18.6	124	30.9	38.3
Kenmac	1954	1450	840	8	17.7	88.4	31.4	37
Lindberg	1956	1650	520	18	15	.	42	37.5
Middle Creek	1971	1080	120	13	18	.	45	36.7
Minatare	1964	1174	320	9	26.5	315	54	35.5
Minatare North	1964	1116	280	14.5	25	200	57	35.5
Pelster	1954	1000	155	11	22.7	113	57.5	39
Raymond	1957	1255	280	7	19.9	230	35	36.6
Riggs	1956	1660	440	19.5	.	.	.	38.8
Rudolph	1955	1275	320	5	21	162	53	39
Shelda	1976	1002	200	33	20	.	25	37
Simpson	1958	1400	1251	8	14.8	65	28	36
Singleton	1958	1325	2400	19	19.5	328	20.7	36.6
Spearow	1955	1000	400	7	22.8	650	25	38
Vowers	1955	.	1560	6	.	.	.	.
Waitman	1957	1100	1920	5	18	21	40	35
Young	1955	1410	80	6	20.2	481	41.6	37
Chivington	1976	2000	1136	6	17	50	40	35
