kyears	sea	temp	CO2
0	8.96	0	312.715517241379
1	7.72	-0.42737295890129	277.884609375
2	5.96	-0.931680602522345	277.996593699947
3	3.54	-0.0180541541981472	275.492744479495
4	1.88	-0.560886311071759	274.188863441168
5	0	-0.616475719507632	269.17744510978
6	-2	0.0381283206561219	266.691772641822
7	-5.38	-0.657493974898753	257.880612993108
8	-7.12	-1.47831400344943	260.593633838923
9	-11.6	-0.996389134246304	260.285218815124
10	-23.18	-0.4113074076314	264.189583480161
11	-36.19	-0.217435160469654	266.656859553056
12	-49.72	-1.98057978040781	252.605493851646
13	-64.58	-3.99559476819825	239.300763131814
14	-75.97	-3.17754705799591	236.055209551657
15	-86.08	-5.09464852592319	228.028728323699
16	-98.43	-6.87523908470059	224.278680688336
17	-108.23	-7.84314151556674	204.200401730531
18	-113.85	-8.97679190019888	188.672644245603
19	-117	-9.90289328652157	192.647022079638
20	-116.4	-9.23989797228475	194.044566088117
21	-118.61	-9.51773910508441	190.019158435018
22	-125.91	-9.45561012933162	188.711403212172
23	-128.71	-8.63218406173183	189.742424242424
24	-130	-10.2532821640792	184.089342815105
25	-124.87	-9.90287242058045	180.652246153846
26	-119.21	-10.1948580694616	184.66052173913
27	-114.93	-9.73589704678958	187.722721010333
28	-112.19	-10.1305204983733	189.434689766317
29	-107.65	-8.68433859011884	192.927562189055
30	-102.07	-8.95880345914914	191.537609756098
31	-99.97	-8.86670755732852	188.743902883156
32	-96.01	-7.2014168045888	193.092817204301
33	-93.69	-8.44245037118501	196.355995316159
34	-93.5	-9.52	195.470797799175
35	-97.21	-7.36515765808678	200.51328545781
36	-97.2	-8.07848582056653	200.79018813314
37	-93.4	-6.68702404256932	205.562272727273
38	-91.82	-7.54344983223981	211.218547008547
39	-88.47	-7.31317287962976	202.926041666667
40	-83.13	-7.42160036264434	194.086392405063
41	-78.15	-7.8841472906404	201.169077194733
42	-74.61	-8.77923914350795	200.131618529135
43	-73.02	-7.13607193277595	204.087721897846
44	-72.61	-8.66357530925779	203.438467102275
45	-71.01	-7.70513032808346	211.396803784451
46	-70.25	-6.18401505261092	222.072205637554
47	-71.4	-6.28890575788493	210.517956035091
48	-72.53	-8.01112004206316	205.76467737895
49	-70.54	-7.64535413602831	201.524154524966
50	-66.69	-7.52710226878246	204.368065351019
51	-65.99	-6.87310773515422	207.62662886639
52	-68.05	-5.04450114980483	214.17599336132
53	-69.87	-5.48662218504049	222.815305843712
54	-71.66	-6.61156520357396	220.714175824176
55	-74.43	-6.24389792794677	216.725464236589
56	-78.68	-7.81983173062935	209.552041576361
57	-81.58	-6.26550366205901	214.727843813617
58	-81.85	-5.98329899740573	223.983753114201
59	-76.51	-5.75946159314294	230.016803423893
60	-77.47	-6.59962632864316	218.642107807975
61	-78.58	-7.60693967940825	209.409057798241
62	-79.92	-8.60600274844419	205.797694728923
63	-79.92	-9.82902501265828	199.969252298744
64	-77.22	-7.67156980953254	198.423811894882
65	-78.75	-7.72	199.821422197435
66	-80.56	-9.54450297112577	201.06507568515
67	-80.05	-9.31520267053271	206.520864799369
68	-68.37	-8.68144490120144	201.430046817603
69	-64.56	-8.9719663390035	205.06847098843
70	-60.11	-7.49814325167039	215.063699308906
71	-50.56	-6.38485675230937	227.170087068228
72	-43.6	-7.05629945184479	239.018224772021
73	-38.44	-6.80933475252803	231.783967391304
74	-33.23	-5.52498851054941	231.993705687325
75	-27.81	-6.33612492419636	243.01564171123
76	-26.3	-6.7939246636771	245.950508542916
77	-26.85	-6.04202655889145	232.673824428754
78	-27.39	-5.99297318155508	226.349465395951
79	-32.53	-6.53410990269037	227.435433056576
80	-32.48	-4.98746840521572	233.621852408308
81	-32.68	-5.35123260036313	231.861309079666
82	-31.47	-4.31899846255214	237.973723975823
83	-24.15	-3.05272661697527	246.336183087391
84	-27.87	-3.6086225229579	249.707431699237
85	-29.96	-4.32494526722474	237.872407940562
86	-33.19	-4.72823227132581	227.792161348189
87	-36.68	-5.78977801646971	221.181145620797
88	-41.15	-5.81850125493009	219.230503423423
89	-40.65	-6.31103227023968	225.85407287509
90	-38.17	-4.74228476821195	229.300618005571
91	-35.91	-5.6762434054939	231.440474623983
92	-39.37	-5.31217936715971	233.650409982175
93	-41.76	-5.92603092783525	233.644962147736
94	-41.82	-4.56069033143754	239.206213808463
95	-34.94	-3.8504376601197	242.73412554841
96	-25.61	-5.35972125435539	246.137569931334
97	-20.95	-5.49401800787853	243.510456401301
98	-19.34	-4.66279709591139	240.226977722244
99	-16.97	-4.3957771260997	243.078298572714
100	-17	-4.45967869222095	245.346416700446
101	-16.69	-5.14758620689651	246.054395910543
102	-28.14	-4.88163866305329	239.963642245456
103	-31.04	-5.91909239574816	238.631041620707
104	-32.55	-5.68806006493506	245.748528878717
105	-35.22	-4.56826033850986	242.758355835029
106	-38.48	-4.75442063203784	256.965000938051
107	-41.37	-4.70834909716253	240.271010798198
108	-42.91	-6.44383211154233	237.531169582857
109	-45.17	-7.62295178411562	243.015065359926
110	-45.58	-4.76915572792353	244.702662184263
111	-47.87	-5.41115081206498	250.472051095774
112	-44.12	-5.39020903376699	257.745019887785
113	-39.03	-4.09457404139259	263.654978596373
114	-33.75	-2.84334734629533	264.697115653878
115	-29.37	-2.39685610200365	275.622707039665
116	-24.99	-2.05751135503392	273.235780246914
117	-17.04	-0.977117098445629	273.925460371565
118	-9.18	1.33888607594911	275.983892156202
119	-4.89	1.42350324374455	271.88266084724
120	-0.63	0.482234807231578	270.700377490551
121	0.38	1.88046615422762	278.196792698531
122	-2.96	1.34682779456192	277.614414990505
123	-2.86	2.09178661936139	279.156906830749
124	-5.42	1.62514761544296	276.386242135538
125	-9.84	1.12691595615098	276.015579569847
126	-16.25	1.09517922794117	275.181539240296
127	-26.94	2.55944905054818	275.021741046049
128	-37.21	3.76621252597204	276.069943946403
129	-54.53	3.55806067816778	269.469922015597
130	-73.85	2.8403913405496	256.400243521655
131	-90.07	0.456934707903783	247.339435535091
132	-105.22	-2.61979193758118	232.141385965869
133	-115.02	-4.34860059171599	224.477608461219
134	-119.82	-5.11619706615009	219.643560893271
135	-123.64	-7.73266014951097	210.398263225124
136	-124.5	-6.85174450549449	206.145276590955
137	-123.8	-8.5601952552963	202.086154424103
138	-124.64	-8.06846965699205	199.040819699686
139	-122.69	-9.04975807185084	197.6885804046
140	-120.22	-8.62503068046507	192.828035999486
141	-114.5	-9.1591182795699	194.387820118726
142	-110.49	-7.86036899628998	195.947604237967
143	-107.59	-8.61382454790302	195.558820986411
144	-103.3	-8.89951387030595	195.024246575342
145	-98.2	-8.32406733746132	195.647863599893
146	-94.8	-7.93404530744332	193.79098819394
147	-93.03	-7.75264541441885	194.521526093646
148	-92.8	-7.34502641202763	195.566118914188
149	-91.47	-8.21921877952011	199.522386101827
150	-83.71	-6.99008250652741	202.125264589406
151	-81.41	-7.70544297601566	202.433739426097
152	-80.76	-7.8373704377814	201.499335997356
153	-81.58	-7.88	199.967022203527
154	-83.01	-9.06627798901564	198.278556982243
155	-85.36	-9.08698694342149	195.758823579203
156	-88.64	-9.57441558441551	190.877643631542
157	-87.48	-8.81635965665235	189.268347476666
158	-85.64	-9.01868893320039	189.1072745615
159	-86.43	-6.47218488243012	187.886666666667
160	-85.83	-7.47067988938686	186.793849658314
161	-81.01	-8.19182752419284	191.333648393195
162	-75.82	-6.5621806489331	195.870510396975
163	-72.41	-6.8882745020706	200.407372400756
164	-71.32	-9.14396597291048	201.976282387496
165	-68.5	-8.78230362923833	194.69713274532
166	-64.42	-8.00438436369898	191.987480299721
167	-60.97	-7.50395526509574	189.450146004778
168	-60.17	-6.71847008204925	186.400372865047
169	-58.35	-6.53504343484773	188.036701781766
170	-55.7	-7.65868351298817	196.840336550359
171	-56.66	-8.52441558441559	197.335263548627
172	-62.17	-5.84733415739595	197.797562924491
173	-59.51	-8.24772114436062	197.75761086696
174	-57.15	-8.02534540576795	197.717658809429
175	-56.68	-8.33904660844009	197.018216121034
176	-56.38	-8.58664231282897	195.068400921885
177	-57.08	-6.32512803676947	190.105706900856
178	-60.21	-5.98147634503786	192.32104035456
179	-61.56	-7.73465104300803	200.531910426872
180	-62.88	-8.66180170410533	208.188803358992
181	-63.81	-8.42229062331459	212.037648705388
182	-61.87	-9.23583992765093	216.713422818792
183	-61.47	-8.80280363308812	202.861581920904
184	-63.82	-8.5335135340056	199.166666666667
185	-66.14	-8.23430084904957	200.840833333333
186	-63.1	-7.84662570961972	202.654558823529
187	-58.35	-6.63	205.522260612043
188	-54.36	-4.05834609990292	209.125419545903
189	-49.67	-5.51634293812013	219.16863818912
190	-47.83	-6.65246120081528	231.313363259669
191	-43.67	-7.07705389221558	231.382424033149
192	-38.93	-4.98208658167465	220.225599322779
193	-34.32	-5.57648380985188	218.15431098143
194	-31.73	-7.09671187833941	221.833698830409
195	-27.93	-5.31398637748706	225.975999025341
196	-22.54	-4.51768986454916	220.717733590626
197	-16.51	-3.8568116968532	224.297452247112
198	-10.22	-2.70973320048715	234.651884880421
199	-8.16	-2.20483059727559	242.782871357498
200	-10.01	-2.24760691861153	245.732409381663
201	-14.6	-1.97874223245108	248.681947405828
202	-19.64	-3.42459068342665	247.951486146096
203	-23.23	-4.8814683234162	241.078815489749
204	-21.01	-4.89603894440175	247.228584861307
205	-10.72	-3.35693740095087	244.877856135402
206	-5.44	-3.44202036021925	231.719664869029
207	-8.14	-2.93351587947884	227.231037996797
208	-8.33	-2.3712012513034	236.600018522711
209	-9.22	-1.66547228279582	237.186754382599
210	-7.95	-1.52876073908439	244.48646929405
211	-4.98	-1.11119575699132	250.76035335689
212	-3.69	-1.84184318648704	240.663382643589
213	-4.4	-2.10669304319156	249.20092064169
214	-5.98	-2.29146265560176	249.704794437873
215	-6.5	-1.16220716582423	242.258353038159
216	-10.74	-2.44203800217156	240.81196770016
217	-21.54	-4.08517868745938	248.529883596346
218	-29.58	-4.98841740850644	247.602318960916
219	-39.16	-4.92991452991453	240.874389146535
220	-49.6	-5.8046145910096	227.322824288949
221	-57.84	-6.93134556574927	214.269011866009
222	-67.09	-7.14841692164427	212.866660333444
223	-69.51	-8.54430440090691	208.427849217928
224	-68.74	-8.57684887459806	206.360485614502
225	-69.26	-7.47122923588037	204.75731522089
226	-66.5	-5.69129996450125	203.600559769051
227	-65.16	-6.18539302079652	219.116884639253
228	-65.57	-7.72992319414807	235.110780607139
229	-62.94	-7.85651975005576	230.610886145132
230	-57.47	-6.59282543453794	226.670508021905
231	-49.89	-7.42223647294591	231.742380955438
232	-39.44	-5.97518993135011	233.629166470516
233	-31.3	-5.87020516214428	241.765300497639
234	-27.81	-4.68712434478742	242.913699119561
235	-22.9	-3.6262279137623	244.062097741483
236	-15.91	-3.02291097581048	245.344929334712
237	-12.93	-2.84377503852083	243.05514181119
238	-16.93	-2.00760873554781	242.373042073065
239	-21.86	-1.65056082830026	245.507894736842
240	-26.82	-1.30402191395255	250.524208009564
241	-35.26	-0.191670224119614	257.68889890433
242	-45.72	1.9868370165747	265.952427535359
243	-51.2	1.61575121163168	279.83310819759
244	-56.73	-0.373893932683721	265.743432494279
245	-47.88	-3.01461216298751	250.188250784756
246	-71.87	-4.7310379898294	232.303783550199
247	-80.64	-6.82567465470428	219.12696579318
248	-84.39	-5.66945226397557	217.018756335842
249	-87.15	-6.43910003650968	214.910546878504
250	-90.08	-7.61399333596881	209.002228576418
251	-90.51	-7.46033578988197	202.672285764177
252	-90.18	-8.44707089925895	211.456982027532
253	-90.12	-8.06732482776217	195.474927767261
254	-87.6	-7.49336894315147	196.319093722529
255	-80.55	-7.53455254403664	196.268454909293
256	-85.9	-7.86994807352787	198.371811515877
257	-90.55	-7.21537669580137	201.669386951557
258	-92.35	-7.02558480842478	203.993825352794
259	-86.91	-7.26084962614234	203.926658517091
260	-76.07	-7.69872758326217	206.195851309656
261	-72.52	-7.1203149335776	208.568014411529
262	-72.1	-7.85834874640362	208.670388872821
263	-73.52	-7.6382862841361	215.997637349575
264	-80.85	-6.54961538461535	223.639175619531
265	-81.29	-7.42549861790346	220.530487073496
266	-76.74	-7.80115460852328	202.34503414609
267	-75.43	-7.86998676912118	211.605334937826
268	-88.1	-8.34190174326466	193.440924026447
269	-92.09	-8.87947789669606	187.233334391568
270	-93.27	-8.88467314365022	194.449950254206
271	-84.89	-9.5395991278095	198.648677857189
272	-77.94	-9.30647725824947	186.5946875
273	-74.2	-9.31430869528406	189.469828476958
274	-70.83	-9.1009980615981	193.324713248184
275	-61.01	-8.65466041945557	194.068777257309
276	-54.32	-8.06705567654576	197.395362077093
277	-50.86	-9.00340565473652	195.143507019438
278	-48.23	-8.0440125511077	197.567067104564
279	-45.62	-8.06563498238069	203.115154550937
280	-42.44	-7.020863643021	207.134508990318
281	-39.03	-6.80906060001996	213.252955012533
282	-38.63	-6.7574356975838	219.52244180682
283	-39.26	-6.29093971159473	225.379907046949
284	-39.35	-6.08346973754688	229.506327540056
285	-40.03	-5.7672713559417	230.053503848621
286	-43	-5.40267952127667	227.838076152305
287	-45.5	-5.18760416666668	228.738649718192
288	-48.56	-4.60817913385825	230.631506496848
289	-54.86	-5.12198154023653	232.466185651741
290	-58.27	-3.9380096308186	234.520904392356
291	-58.29	-5.10347299813782	219.75702208617
292	-53.8	-5.94981636422906	213.792207512904
293	-50.77	-6.66242318003713	207.25077664188
294	-49.26	-6.90748709768233	206.3038742154
295	-48.22	-7.65654227868194	210.295682883359
296	-43.51	-5.38730182226538	212.873631745685
297	-44.77	-7.03064793989569	213.464931360789
298	-44.88	-7.71581175556707	215.597411701986
299	-42.38	-6.54054482464052	220.310365363428
300	-40.16	-5.89099834445392	229.965991968523
301	-38.64	-6.55164587564068	235.956375927453
302	-36.2	-7.04091670378619	238.769357718432
303	-33	-6.04116675520363	236.337271396866
304	-36.19	-5.3435668789809	239.769646265687
305	-38.96	-4.97892930963209	240.650039543894
306	-35.29	-5.28994779788152	249.757941143505
307	-31.22	-7.45999153033472	246.795608456612
308	-31.05	-6.2908164462698	232.975422932876
309	-27.33	-5.36387718384545	227.028199593818
310	-22.67	-5.64029111802724	226.229915708812
311	-20.87	-5.26480087180504	234.352148378508
312	-19.67	-4.95905755605173	238.228810916179
313	-16.66	-4.11521968180374	240.572699746565
314	-9.95	-3.58663739088521	250.890347386838
315	-7.03	-2.71249461851221	256.77977012334
316	-7.3	-1.63946367956552	252.652768532527
317	-6.47	-3.18880053015242	267.069504398197
318	-7.02	-3.71692571963975	251.130808108255
319	-8.25	-4.41467021326682	243.419843203079
320	-6.17	-3.86689673726946	236.91125998454
321	-5.29	-3.06214896345375	255.187249059494
322	-2.38	-2.13243963411166	250.132626604509
323	-0.59	-1.18898640296662	255.241509674947
324	-4.09	-0.542070872724969	259.718319996937
325	-11.39	-0.183670331152607	260.300881628574
326	-11.59	0.94724845201248	261.813517947116
327	-5.54	0.601003262051482	265.135067179639
328	-1.95	0.755651720542237	265.819954836628
329	-1.78	0.414171282798815	270.741218883053
330	-9.32	0.824926033246914	274.832949424136
331	-25.22	-0.169377181575483	267.390587960201
332	-37.73	1.04050174334551	270.564756575003
333	-41.34	3.19	272.743541420161
334	-44.91	3.61700029066955	282.446451099619
335	-54.11	1.3603737231127	296.731223810036
336	-72.67	-1.13504038130538	281.461301732758
337	-86.27	-2.88397591704761	276.949914464052
338	-88.48	-4.07513017456359	260.234534965487
339	-89.68	-5.58980686695283	241.880162224797
340	-91.34	-6.98618294895051	239.484191749092
341	-99.06	-8.88413543150978	236.248270831712
342	-102.83	-9.14812718697702	243.979928810394
343	-99.93	-9.09341094226725	241.004007844316
344	-99.95	-8.67396800101986	201.019184783618
345	-99.99	-8.53056603773583	205.19644932514
346	-97.26	-8.52263312693497	204.897241034498
347	-95.41	-8.4726496656321	208.739487703244
348	-95.79	-8.57159271368518	214.29832149936
349	-95.19	-6.65053338370653	219.567157588378
350	-93.87	-7.33015025979497	220.571445575148
351	-87.03	-7.8300260008667	220.886746332658
352	-83.3	-7.76879975995197	220.041508426497
353	-83.38	-7.60220286331713	216.77102619723
354	-86.1	-7.63080672911494	211.667691661687
355	-90.32	-8.83033010109345	209.316425942668
356	-92.82	-8.80934628430466	208.275325204143
357	-92.4	-8.76239247149665	203.201106931319
358	-92.14	-8.95449989914417	198.126888658496
359	-89.06	-8.54842530766235	193.052670385672
360	-85.53	-8.4345516372796	188.919604890467
361	-78.35	-7.91849148492085	186.049649636896
362	-69.37	-7.50999682529605	185.890393680724
363	-63.03	-6.27425618572445	188.339039056215
364	-63.89	-7.23568544032465	194.211007271327
365	-64.07	-7.97039992119779	200.082975486439
366	-54.84	-7.56419715316244	202.636126885213
367	-48.23	-7.58163725363905	204.409626626143
368	-45.47	-7.3861103599253	206.183126367073
369	-44.13	-7.77035311458597	205.062024958057
370	-44.26	-6.87598864086645	203.736711777516
371	-45.09	-6.42707298486263	202.411398596975
372	-45.15	-6.34763152266896	201.307138892241
373	-47.15	-5.4389457733521	200.341771449258
374	-48.95	-6.67781474467807	204.494914652715
375	-50.8	-7.71702017775643	212.966677351773
376	-51.26	-7.23639965333664	219.002325327272
377	-52.15	-6.62754328619052	224.411333784995
378	-51.2	-6.27158833522084	227.396865581676
379	-37.02	-5.88177458608988	229.450554150435
380	-23.08	-4.9465071026931	228.827239796224
381	-19.11	-4.96345605526161	228.203925442014
382	-22.54	-4.0120752445447	227.580611087803
383	-21.71	-5.1089706507869	227.547756402372
384	-21.71	-5.99629417446628	235.543033038943
385	-20.54	-4.68734104691395	239.769272878941
386	-18.5	-4.31216092389247	239.247914566751
387	-15.47	-3.93709791983763	242.678870424564
388	-18.8	-5.36055712502464	246.6895035291
389	-27.18	-6.36962967206076	246.058743905285
390	-28.92	-5.90634084302324	248.321486319273
391	-23.33	-4.72323051565811	252.596713636237
392	-18.28	-4.57223752508826	256.871940953202
393	-10.19	-3.40312621649953	259.813855280846
394	-4.18	-2.44677513355997	273.549316149395
395	-3.31	-2.14739250525621	261.134795772077
396	-3.48	-1.29774059868624	265.765208680243
397	-1.81	-0.43631928733032	270.39562158841
398	4.9	-0.210949795179573	275.026034496576
399	12.47	0.452857142857154	276.651232866756
400	18.54	0.562081218274101	277.674579038678
401	17.75	0.906943005181346	283.179737776411
402	16.3	1.57918918918919	283.109848760169
403	17.86	2.40385964912281	275.777145569881
404	19.02	1.87775401069516	276.327556313899
405	16.07	2.02444444444449	280.165674669371
406	13.25	2.60655555555553	279.930043170717
407	12.61	2.94532163742691	283.308530485332
408	10.54	2.4568852459017	285.08623895015
409	5.67	2.19122905027932	282.220977011494
410	-4.34	1.57103092783505	278.409738650708
411	-11.41	1.46326923076923	283.149761231086
412	-13.32	0.49624454148471	280.56520296439
413	-14.63	0.641266968325772	276.064187619068
414	-19.34	0.301223628691973	267.114427489734
415	-27.13	0.146400000000001	270.357906743881
416	-34.82	0.205	275.867109295199
417	-36.4	0.752622950819666	272.662404444795
418	-50.54	0.308373983739843	272.020622766718
419	-53.85	-0.283606557377048	274.184083775503
420	-61.18	-0.583722627737213	271.799304634575
421	-68.48	-0.742352941176484	272.518720412429
422	-75.22	-1.78450000000001	268.288525382756
423	-81.07	-2.07388888888894	269.233037453994
424	-85.93	-2.21050000000006	268.848352505362
425	-97.74	-0.247777777777798	268.17293077773
426	-114.91	-2.03902527075814	270.382415988396
427	-122.93	-2.88803278688529	258.234188226472
428	-123.82	-4.64194225721785	251.845727636849
429	-124.4	-6.2390537084399	245.506422995032
430	-119.99	-7.26501066098079	232.348600845345
431	-119.41	-8.15183864915572	219.993555868646
432	-120.06	-8.19	226.03620353944
433	-121.15	-8.32675675675676	219.489102268715
434	-119.52	-8.55473161033797	210.395871550958
435	-115.07	-8.47664246823955	208.475322628186
436	-113.91	-8.68398907103823	209.710260524154
437	-113.26	-9.4375415896488	208.222290438822
438	-110.74	-9.36778523489933	205.152106463878
439	-105.38	-9.16530844155845	200.589368821293
440	-99.91	-9.0790017211704	201.121479049719
441	-98.54	-8.95359322033898	201.61333503055
442	-100.55	-8.3371256454389	201.358752545825
443	-101.78	-8.01461538461539	201.633641495288
444	-99.69	-7.51921348314605	201.697047233505
445	-96.28	-7.45	199.746916776502
446	-95.52	-7.62022767075306	199.808119420382
447	-95.02	-6.23031971580815	200.867750139077
448	-96.95	-6.53792563600782	202.611264516129
449	-98.28	-7.35837370242215	205.737486733941
450	-97.77	-7.45260105448155	205.538686383356
451	-97.82	-7.68238952536821	201.53832251288
452	-96.21	-7.04174545454547	202.145884923525
453	-94.59	-7.4816396103896	204.137853433353
454	-92.94	-6.48808219178084	201.178697860692
455	-90.9	-7.03027538726334	197.791524663677
456	-89.86	-7.9989108910891	193.307219730942
457	-88.33	-8.86172804532578	192.582269529039
458	-85.94	-8.78971305595409	201.961481993264
459	-81.84	-8.77304225352113	205.766709776309
460	-81.43	-8.40462427745665	203.829899294679
461	-79.68	-8.24451237263465	197.409187986652
462	-78.29	-7.31483516483518	192.462065174994
463	-75.46	-7.63092307692308	192.648523661858
464	-73.88	-7.90651491365777	196.826711843552
465	-74.83	-8.44416430594901	203.087927435462
466	-71.39	-8.34057746478873	209.265733526107
467	-62.89	-8.0417510853835	206.833650427239
468	-52	-8.25775312066576	204.149494052448
469	-51.21	-6.66518348623855	203.620926171263
470	-51.75	-6.81270998415215	205.427502107672
471	-49.63	-5.12335260115607	211.694035508941
472	-41.58	-4.08934497816591	222.901292926528
473	-36.84	-5.65198487712666	236.942081511775
474	-34.5	-7.0040594059406	245.061383829028
475	-32.09	-6.06232876712333	240.979506671293
476	-29.84	-4.80047619047619	233.078098770252
477	-27.61	-4.02215686274509	232.992453591606
478	-28.34	-5.1183613445378	236.755024909087
479	-31.41	-5.77608938547486	238.552283100551
480	-32.77	-4.99798387096775	227.037943576844
481	-32.41	-4.90936974789915	220.259606100739
482	-30.53	-4.35433189655173	223.6531416122
483	-28.2	-4.08336343115124	225.406650131382
484	-24.91	-3.57077283372366	230.460263127701
485	-21.12	-3.45225961538461	231.382547105314
486	-17.44	-3.35643031784841	232.018524242631
487	-17.62	-2.75161879895561	232.917691423253
488	-17.2	-2.48453804347826	232.528350386127
489	-18.07	-2.47370572207084	239.990550336664
490	-15.29	-2.31794444444444	251.779278955956
491	-12.74	-2.98541333333332	242.859694894928
492	-10.85	-3.31773778920308	245.953031401481
493	-12.44	-3.49553299492386	242.95290334965
494	-14.59	-3.84221674876848	239.354826942654
495	-17.71	-3.78	238.32667256197
496	-18.44	-3.66205128205128	238.156339263343
497	-15.39	-3.95286432160805	236.702808112325
498	-14.05	-3.88564556962025	236.336832417298
499	-17.99	-3.7613612565445	232.068171683389
500	-22.56	-4.26136363636363	230.721650385604
501	-23.33	-4.42269035532995	228.480161195103
502	-24.04	-4.26779702970298	230.87141274381
503	-27.37	-4.41509090909091	231.571037642873
504	-30.58	-4.42105820105822	232.153264051908
505	-33.44	-4.90236559139786	234.077158687829
506	-36.11	-5.11530303030303	234.531922850817
507	-42.61	-4.63506702412868	235.811505183004
508	-47.62	-4.78397790055249	237.878408582924
509	-55.32	-5.88931034482758	237.230765402844
510	-55.45	-5.60808080808082	238.589458696028
511	-53.4	-5.78219948849105	234.61263312096
512	-52.81	-5.65882352941175	235.71276943136
513	-53.28	-5.55603723404257	240.344472983257
514	-51.5	-4.78343839541547	238.351930273546
515	-50.33	-4.96384180790965	239.63599750934
516	-47.55	-4.0112923076923	242.180122046222
517	-44.78	-4.27534743202428	246.31319346049
518	-45.35	-3.47693811074917	246.080194630409
519	-46.68	-3.36785714285713	245.390337189674
520	-45.1	-3.62706840390881	247.463427972535
521	-44.99	-3.86644518272414	245.026505992081
522	-46.82	-3.41269230769234	243.194323747952
523	-49.7	-4.55528409090908	242.475981323097
524	-50.48	-4.49668587896251	240.585757753072
525	-49.96	-4.48075471698116	236.239873128581
526	-49.68	-4.89425531914893	233.991818181818
527	-48.46	-4.50571428571435	229.975574182942
528	-48.5	-4.35053619302951	226.658116136919
529	-50.66	-4.47481283422459	223.609917224891
530	-52.1	-5.52339712918666	221.691235288813
531	-53.67	-6.98683333333336	220.498976802398
532	-53.71	-7.35856015779095	220.664093095352
533	-53.01	-7.54848314606741	211.246489061397
534	-56.16	-7.23444652908068	199.548843655733
535	-61.14	-6.64408560311282	193.950855133465
536	-64.07	-6.77888059701492	196.366606677424
537	-67.39	-6.77260223048328	199.515733564014
538	-64.18	-7.15059040590408	202.76888880854
539	-59.91	-7.69527182866556	205.729629284476
540	-58.99	-7.46135451505017	209.353429906543
541	-55.16	-7.46766277128548	212.238779439252
542	-51.73	-7.21564924114671	209.224359576211
543	-53.72	-7.24671186440677	204.670752991871
544	-53.89	-7.56737815126051	204.270513485477
545	-53.73	-8.126026272578	208.356223184734
546	-55.03	-8.13442649434572	210.202031619079
547	-57.35	-7.41996655518396	209.617393218846
548	-59.46	-6.98647940074908	208.677355046157
549	-62.11	-7.06607547169809	204.092945551073
550	-62.75	-5.8947109207709	205.953266617054
551	-60.01	-5.95427293064882	214.436426478323
552	-58.3	-6.80986842105262	219.184763013699
553	-59.76	-6.23640909090909	222.263012729844
554	-61.1	-4.93930851063831	221.241107650118
555	-58.37	-3.92681388012614	224.136687637205
556	-52.38	-4.03553191489357	228.710165229249
557	-46.51	-5.04081632653054	241.557161533991
558	-40.41	-5.53993399339935	247.994006638218
559	-37.88	-6.80861290322581	236.613308069549
560	-36.07	-5.54953177257525	230.222585106383
561	-35.39	-4.85135135135134	228.533994310921
562	-34.82	-4.03775933609959	232.615427773306
563	-33.39	-3.33486111111111	238.411737089202
564	-30.12	-2.6451515151515	245.718841791669
565	-26.73	-2.07454054054052	250.155086110162
566	-19.58	-1.82740331491713	252.24184636504
567	-13.9	-1.76363157894734	254.198299806938
568	-13.27	-1.45614583333332	253.452394675019
569	-11.65	-1.62851063829782	252.491260014567
570	-9.06	-1.50878306878307	250.22807315037
571	-8.18	-1.48963917525774	251.8
572	-6.66	-1.54203980099506	251.503456471347
573	-8.42	-1.35698019801986	247.471672096963
574	-8.88	-1.72277227722781	249.307403405442
575	-12.1	-1.34044334975372	251.959728946631
576	-12.36	-1.69111627906976	251.633890731367
577	-11.71	-1.83326180257511	251.656899224806
578	-13.91	-1.79512820512822	251.174103225806
579	-23.45	-1.09012987012987	250.907879970271
580	-32.03	-1.3279032258065	248.228624198421
581	-38.35	-3.05787301587298	232.561728212703
582	-44.03	-4.47337874659403	218.870441251924
583	-50.08	-6.31159999999996	209.17014160851
584	-53.33	-6.75239382239382	210.838687926315
585	-54.4	-5.76117764471055	215.661210409697
586	-49.95	-5.50939736346514	220.483732893079
587	-47.15	-6.71608187134503	225.216501629676
588	-45.53	-5.50589743589748	235.648145285143
589	-39.1	-4.38391791044776	246.819676953246
590	-33.2	-3.47664694280079	248.237142160052
591	-30.1	-5.34282474226797	237.606740912431
592	-28.97	-5.59431372549019	228.969295454545
593	-30.38	-5.11862068965517	230.432359583876
594	-29.81	-4.45450847457627	237.669500514933
595	-26.35	-4.05356896551724	236.776630810604
596	-23.46	-5.50076660988082	224.521853290706
597	-24.04	-6.58493788819873	216.404929776391
598	-27.53	-6.29736774193554	217.296480594519
599	-33.05	-5.45368349249659	224.26298794557
600	-41.35	-5.03965517241379	229.775055882598
601	-41.23	-4.89472701149429	231.906230736123
602	-39.41	-4.31053375196232	235.444677838882
603	-37.95	-4.19927113702624	238.238997330169
604	-33.99	-3.98656804733727	239.342423559823
605	-24.09	-3.50013372956909	243.323221196455
606	-16.31	-3.27400611620793	246.610919819166
607	-14.29	-2.77696183206105	250.166098611634
608	-15.19	-2.05439669421486	254.655747634069
609	-17.77	-1.53727731092437	258.31505362776
610	-17.66	-1.13346760070052	258.277692437828
611	-18.6	-1.46892086330935	257.780695134239
612	-18.19	-1.45337860780985	259.150413660082
613	-12.57	-1.18794266441823	257.746921826173
614	-9.02	-1.09394557823128	256.025725496744
615	-11.31	-1.00333333333331	253.15379362164
616	-16.78	-1.37823627287853	252.861271277147
617	-29.38	-1.99595611285267	252.683785006824
618	-43.34	-1.93947916666669	251.376500691872
619	-65.34	-2.30285714285714	248.206541353383
620	-78.36	-2.1263247863248	246.402030075188
621	-86.36	-1.99610951008642	244.654093002852
622	-93	-2.55429799426934	243.626575026168
623	-100.28	-2.81573033707866	241.668075225484
624	-103.58	-2.64597911227154	238.36422815534
625	-105.54	-2.40535809018569	236.30522281541
626	-110.96	-3.09453104359315	228.98603836325
627	-114.62	-4.70105395232126	215.356587542265
628	-111.96	-6.27559910414335	204.950408699371
629	-109.41	-7.7844578313253	200.185303928157
630	-108.5	-8.52522001725626	200.754191372228
631	-105.76	-8.74153146322972	200.56144583248
632	-103.04	-8.78504451038578	198.201719679275
633	-102.54	-8.36961424332345	195.229278158782
634	-105.6	-8.57290322580644	193.2532232942
635	-109.52	-8.9050625	194.93696223317
636	-111.27	-8.90277695716397	194.296550547758
637	-105.13	-8.51134416543573	194.53346735859
638	-101.37	-8.53778434268834	194.243737660661
639	-99.09	-8.72186915887851	190.440697576149
640	-93.77	-8.84079147640792	189.661024235309
641	-92.11	-8.85601217656012	190.622505947661
642	-89.12	-8.49850791258478	191.327413869063
643	-85.33	-8.06031866464342	191.932226799983
644	-82.43	-7.72616336633664	194.528856029027
645	-82.73	-7.68490924092409	195.729590854534
646	-86.64	-7.70396192203083	191.712811302291
647	-88.13	-7.78737793851718	191.281021756464
648	-86.44	-7.60067089755214	192.744682778789
649	-80.26	-7.25659945004585	195.281669661989
650	-79.87	-7.25491295938103	191.333485864381
651	-82.42	-7.38983951855567	193.157936154032
652	-85.15	-7.47553088803088	187.825916381485
653	-84.29	-7.80228228228228	188.522677959464
654	-78.18	-7.78253189401373	193.612535996612
655	-77.24	-7.30208167330676	197.498265635074
656	-82.73	-6.8037167199148	200.273676639816
657	-85.16	-7.05655172413796	194.21160676815
658	-83.48	-7.47724550898204	189.071306016697
659	-78.4	-8.26677804295946	185.560681114551
660	-75.27	-8.04078212290501	187.217845290733
661	-77.61	-8.58772209567199	192.968896100921
662	-79.27	-8.21527472527474	190.192815395581
663	-80.2	-7.92737209302326	190.878483541987
664	-79.29	-8.19654639175257	191.269671959883
665	-75.05	-8.89038167938929	182.847402199485
666	-72.45	-9.04729341317365	179.511162252956
667	-69.86	-9.00300970873786	174.371769383092
668	-66.7	-8.9160349127182	176.057881440223
669	-62.58	-8.40580025608195	181.323243560237
670	-61.52	-7.24901065449011	189.118418934217
671	-61.93	-7.56151770657674	194.572125175936
672	-65.68	-8.20530821917808	195.234180965438
673	-67.22	-7.94339869281046	198.148576273362
674	-62.65	-7.54666666666665	203.143008044705
675	-56.98	-6.80169877408055	211.44048434332
676	-53.47	-5.92533980582525	219.524952366551
677	-50.13	-6.88705882352942	220.599556445775
678	-45.5	-6.34676409185811	217.479147146156
679	-42.18	-4.88595092024541	223.373371768826
680	-38.49	-6.30483790523694	233.117372923919
681	-34.08	-7.32902597402594	228.564558071097
682	-28.89	-5.96257028112445	224.671703968654
683	-24.49	-5.22684095860566	219.538318402831
684	-21.33	-5.34216748768473	223.546276032474
685	-17.8	-4.68903614457831	223.215159283133
686	-12.64	-4.51876288659794	220.625432930555
687	-9.14	-3.94771883289126	222.678464603394
688	-11.45	-3.45160220994476	226.727425028835
689	-13.04	-3.62228571428574	229.29563254397
690	-15.63	-3.09865546218487	232.597564029053
691	-15.7	-2.56168141592921	237.99221407383
692	-13.48	-2.63043478260872	239.762234145785
693	-12.46	-1.86094637223973	238.731557045334
694	-12.35	-1.83725752508362	238.375086916743
695	-10.64	-1.95389067524116	239.390360505611
696	-9.93	-1.7841955835962	238.712400609258
697	-11.83	-1.85572327044023	239.17447694518
698	-15.58	-1.87635258358663	240.876572249589
699	-19.13	-2.28198250728859	240.245404955461
700	-21.36	-2.7306077348066	238.303391915641
701	-23.27	-2.2275572519084	236.124337102427
702	-26.99	-2.06713178294573	230.922200510179
703	-30.02	-2.39751898734178	230.647553951615
704	-31.23	-2.80775700934578	232.526807129497
705	-31.93	-3.21	233.983439441817
706	-36.72	-3.59340000000001	237.581728735632
707	-48.33	-3.68759398496241	237.399969998
708	-57.75	-3.54621908127209	233.554858170699
709	-56.95	-4.01005217391307	234.558384077309
710	-58.02	-4.00541737649063	229.93445419638
711	-64.8	-4.01539682539682	224.91961508853
712	-68.05	-4.17129032258065	224.163807175104
713	-71.56	-4.13973013493255	223.922163140807
714	-80.14	-4.00381231671555	227.313441068678
715	-82.33	-4.50755588673621	223.780478979675
716	-83.25	-5.24576866764275	219.421902843793
717	-82.13	-5.70712418300653	203.94852353219
718	-86.11	-6.34952191235059	190.073689890262
719	-90.18	-6.8339791937581	196.666068824559
720	-88.93	-7.12975409836066	210.807017035157
721	-82.33	-8.13358361774743	218.122274352319
722	-76.68	-8.58969696969698	217.872923095778
723	-70.14	-7.73749999999997	212.113029886462
724	-66.7	-6.17896688741712	213.436928711612
725	-65.99	-5.17758536585365	210.529865549923
726	-63.32	-5.34822646657571	211.212013906806
727	-52.01	-6.00398230088495	210.994578553918
728	-44.27	-6.03397759103641	210.094813057233
729	-43.98	-5.7630693069307	211.064291567088
730	-44.3	-5.33790014684286	210.841919125115
731	-43.81	-5.2533922829582	210.339445491447
732	-41.74	-4.79649390243905	212.256549104721
733	-40.02	-3.94463223787166	208.102444113264
734	-42.07	-3.93751908396947	210.507646235737
735	-49.78	-4.09904665314401	214.95839913684
736	-50.09	-3.80989999999999	217.296171350731
737	-48.25	-4.48576402321083	209.164890850722
738	-47.66	-5.00416494845364	199.803084040093
739	-52.7	-5.89332635983263	187.412740704551
740	-56.43	-7.55581395348837	185.423988346264
741	-58.79	-8.24222408026756	184.246096112684
742	-61.79	-8.43953301127214	189.059965352573
743	-64.82	-8.76593851132685	187.526599108811
744	-67.33	-8.82163666121112	188.23731092437
745	-69.88	-8.48102236421726	188.272101384255
746	-71.14	-8.56	188.312682004047
747	-73.88	-8.62092495636998	188.657256197161
748	-73.75	-8.68043782837128	187.888191993546
749	-74.38	-8.49789661319073	188.35632395659
750	-74.08	-8.39575539568346	190.56777217403
751	-68.3	-8.58221818181818	191.385731178557
752	-65.75	-8.41912434325744	193.724344183375
753	-65.13	-8.27126297577855	196.52660514087
754	-63.7	-7.88246575342465	203.63138448891
755	-61.85	-7.47806451612902	199.520971159306
756	-59.1	-6.3494871794871	205.325053607532
757	-58.67	-5.24632582322359	210.114517688843
758	-57.34	-5.52433925049308	215.372599441912
759	-53.97	-6.23662857142858	221.953171725271
760	-50.83	-7.1619689119171	224.264051551769
761	-49.19	-7.32781818181818	222.315684711481
762	-47.72	-6.30342446043163	215.763712485492
763	-41.61	-5.23393678160917	214.075064119005
764	-39.17	-4.73498432601881	220.947368200375
765	-39.26	-5.09118314424637	223.275679090585
766	-36.3	-5.96249180327863	230.604259094416
767	-32.18	-6.32920353982301	229.446881534773
768	-27.3	-5.60035087719297	224.149506619832
769	-23.7	-4.61358344113842	221.781728170148
770	-20.71	-3.83071428571429	227.62075264052
771	-16.21	-3.88308695652174	229.61246939647
772	-12.24	-4.34879256965943	237.066043465071
773	-8	-4.26587463556852	243.887393972775
774	-6.3	-3.79982573726541	239.05205076876
775	-8.56	-3.26503382949931	238.628236360497
776	-9.1	-2.74987447698745	243.822372300913
777	-12.76	-2.69382222222222	248.528446693732
778	-13.68	-2.43974436090225	250.280128484321
779	-14.49	-2.16248520710059	254.756451362717
780	-13.01	-2.15733333333334	254.489801551067
781	-15.3	-2.35120426829269	254.080163625369
782	-20.86	-1.95981845688349	252.308303099421
783	-23.36	-1.96714285714286	256.042044332879
784	-22.74	-1.70731782945736	259.467460098003
785	-26.25	-1.12343750000001	256.073722809198
786	-31.59	-1.04165354330709	261.503324882559
787	-41.56	-0.585304054054056	267.111839570843
788	-54.67	-1.87800718132855	263.441674190062
789	-67.49	-2.58275563258232	249.959863869255
790	-79.84	-3.43412673879442	234.934800553614
