Mg.gL
0.79971473
0.75743989
1.63687122
0.42976626
4.34131568
0.30205624
1.54480174
4.62973397
0.69911193
0.33880958
0.30230189
0.6806685
0.98596668
1.16059048
1.40123052
0.33255642
1.33861282
1.88772109
4.75488231
2.54657432
0.81567811
0.65362872
1.32314288
0.90504085
1.14422378
1.18860977
2.32199458
6.11178558
0.2784716
1.40286573
1.61067601
1.47282106
1.89088479
0.33603875
0.01750124
3.41143687
3.211458
0.69715466
2.92703738
1.60877315
4.33733016
1.27167008
4.12849594
0.35816986
0.83830059
1.97280358
1.23854505
3.19669904
0.62704565
5.58541084
7.79344566
1.34457889
1.4841472
7.37506384
0.73427595
1.63771443
2.69804811
1.1843686
1.73453646
0.32636308
0.70659317
0.96435935
1.45906729
0.80956621
1.02480038
1.06936053
3.45457202
0.3938123
1.12095996
0.63778029
2.06710037
0.31559743
0.82636888
0.4249682
1.24989575
0.67364622
0.51466163
1.90457509
0.62744638
1.30731389
0.28893405
0.73888556
2.79344941
0.57038628
2.88382242
0.61498412
0.51911437
2.42249051
0.72066472
0.60090066
1.3000433
3.01799764
0.7387113
1.10012554
1.34647172
1.29892713
0.79340729
1.45616089
0.28716228
0.17923827
0.8665512
1.17987035
3.84595633
1.09219695
1.34723435
0.99600077
0.48612564
4.17978345
1.68439921
0.31198242
1.33738695
1.43525866
0.70122528
0.46862866
1.74536909
0.59445963
0.31710096
0.65898449
1.27510038
4.48145213
0.6981499
4.68457738
1.24656777
1.28829747
1.50210397
0.38413176
0.63543203
0.76801259
2.60208594
1.10408053
2.9654965
6.692278
1.50247001
0.25517112
0.61650847
0.79820149
4.30734292
0.46051098
1.23553729
1.07085219
1.3438868
1.93870193
0.36495477
1.20517233
2.22867927
1.33620733
0.98753296
0.51079565
3.34636405
0.71610234
0.3561851
1.74765529
0.42984453
0.56184958
0.40284664
1.70946843
0.78342833
2.88126635
0.69797103
1.92405877
2.53645077
0.38081749
0.84721889
0.66585757
1.30773116
1.51410542
1.10791677
0.6881409
0.78411021
1.09299154
1.42449986
0.48858203
1.14467526
0.21029856
1.79498699
3.17361898
0.74112797
15.01413356
0.85886495
2.21843274
1.13865805
0.44613827
0.78756742
3.07973099
0.58008943
1.01033
1.0978947
1.01295573
3.5566948
1.00300198
2.52387038
0.81885372
1.85481078
0.23772372
1.49099103
1.68833392
0.8202811
3.10768465
1.10065253
0.34482146
0.57681461
1.92772727
0.9340902
0.31327654
1.19848928
1.44611022
1.63645832
0.35689759
0.6958136
1.89582078
0.41724592
0.63327376
0.74204235
1.17096607
1.49730814
0.5839867
0.29659981
0.70872525
3.46160026
1.28053222
0.89148377
0.5400356
1.00767673
1.93495416
0.16825285
0.60706266
0.69565718
0.98629027
1.38237738
0.78680312
3.22226958
0.43760612
2.30801717
1.7852748
0.27344257
1.66531777
0.13732821
1.644803
1.0505944
0.52901568
1.56451019
4.672002
1.81357621
0.4813234
2.11740542
0.62201044
0.56986821
2.55775903
1.26581694
1.16034941
2.74485292
1.2251079
3.63827309
1.49707981
0.74850295
0.50728521
2.39841632
0.92121801
0.69041587
1.99016974
0.76425838
1.63714907
0.67385047
1.1281389
0.68507737
4.50757668
2.5704632
0.17351649
3.86078506
0.20761167
0.62409857
5.69777595
0.46860964
0.75051022
0.48008892
1.82130616
2.33351312
0.4853159
0.8990252
1.18524308
0.67373757
1.00228539
0.41909513
0.72395966
0.50446243
0.41817222
3.42389813
1.1146467
1.40416487
0.62246235
0.74180935
0.66063122
1.23833261
1.2575012
2.57435752
1.30198337
0.36359378
0.65198426
1.88808855
0.17625357
3.43423693
0.62048814
0.80895629
1.13351579
1.54459769
0.56228583
1.85635711
1.66771858
0.46410621
0.94578705
0.44952434
0.89142002
2.62401946
2.18421063
5.73889129
1.60782269
1.35463895
0.5193457
0.60338747
0.50978459
0.62935253
0.88709447
1.37972599
0.16828491
2.65104658
1.0323166
0.37630684
1.38944997
0.72532336
1.44639434
1.29145282
0.44338015
0.33972769
2.53478876
0.21293684
1.12661092
2.23638625
0.55910712
1.85227411
0.35234113
1.4501683
3.11485493
2.03783354
1.3603113
0.46843694
1.07868509
0.58938625
1.64627526
1.54779976
0.89363029
1.5712937
4.94636078
0.40468604
1.29759658
1.31788542
0.59891499
0.85864715
1.19625778
0.46917862
1.65723075
0.87626043
0.31633906
0.7285034
1.18722436
0.89199818
0.73973625
1.21273349
0.94204213
2.62924606
1.29060455
1.11789885
4.15650275
2.28897611
0.76010458
1.02236206
0.59764189
0.95842806
1.17260352
0.67113222
1.39042679
1.16303738
0.81989774
0.17827958
1.82827738
2.45183173
0.3257457
0.39138984
1.68647686
0.47831448
0.59446211
0.91687999
0.81357803
0.57888097
3.55847071
2.33372397
1.2956321
1.07949338
1.47700281
0.68759859
1.85917569
1.18350051
2.47845192
1.29754853
0.96676844
0.98152157
0.76843105
1.09824698
2.34539441
0.56322879
1.06758896
2.21150978
2.65183119
1.19397507
1.01895199
0.95200765
0.6186506
1.20983354
0.80269833
0.20871787
8.00632945
0.33237
1.79240776
1.95520949
0.99982075
1.70305066
2.16774214
0.46935787
0.74665777
1.16049188
0.24065384
0.96829763
0.6894441
1.16370604
0.33034609
2.0248217
0.68218007
0.60480861
1.95066621
1.22081533
1.70982844
0.5781526
3.6014122
1.24538439
3.08006011
2.63479235
0.75903346
1.45981434
0.22971922
0.61898993
1.09531809
0.45424198
2.95728615
7.68000231
0.22965937
0.48643816
2.2069082
1.23844336
2.12108731
0.65459666
0.74235397
0.83190766
1.29425257
1.42747622
3.70824314
0.55038099
0.92462028
3.1341277
7.38183074
0.1966663
0.54028964
0.91192758
0.71645093
2.24200036
0.73882536
0.57982664
1.13359506
5.13081706
0.49485272
0.60234645
2.79987842
1.60803401
2.08784683
0.6840129
0.37198314
2.50518944
0.79844397
5.15575155
2.42533509
0.87728315
0.79217332
0.48093737
0.96701795
0.67274941
1.72796062
1.83783523
1.85568451
1.02605769
0.71188551
1.95749033
0.34651251
