Site	Sample	X-Coord	Y-Coord	Li	Ti	V	Cr	Mn	Ni	Ge	As	Se	Rb	Sr	Mo	Sb	Ba	W	U	Ga	Ru	Tl
1	1	5.86	19.82	93	1.15	10.3	1.42	0.15	0.12	0.32	13.9	1.78	22.5	148	10.5	0.21	5.15	0.7	8.5	3.1	1.5	108
1	2	5.86	19.82	103	1.87	6.96	0.67	0.09	0.18	0.26	15.1	0.92	23.1	158	9	0.18	5.48	0.76	8.9	3.5	1.5	98.2
1	3	5.86	19.82	104	1.84	7.07	0.67	0.09	0.18	0.27	15.2	0.89	23.6	160	9	0.19	5.41	0.76	8.9	5.5	1.4	85
2	1	14.56	43.3	166	0.47	2.67	0.8	0.34	0.1	1.55	6.4	0.57	18.1	163	12.2	0.19	9.8	0.8	15.4	2.7	3.3	74
2	2	14.56	43.3	179	0.34	2.16	0.37	0.49	0.09	2.36	6.4	0.64	18.4	167	12.8	0.17	10.2	0.81	15.5	2.5	3	136
3	1	61.63	85.69	52	2.78	2.2	0.93	26.6	4.76	0.51	5.8	0.45	11.4	23.7	3.4	0.18	2.89	1.27	2.98	227	3.1	11
3	2	61.63	85.69	51	3.04	2	0.87	26.1	4.33	0.5	5.5	0.51	11.1	23	3.3	0.18	2.85	1.26	3.08	216	2	10.7
4	1	76.75	44.22	63	0.16	4.93	2.43	17	0.67	0.19	7.8	0.57	3.7	6.7	3	0.34	1.18	0.66	1.8	170	0	23.6
5	1	19.28	51.38	175	0.42	1.78	1.47	0.54	1.07	1.12	6.3	0.82	25.3	4.7	9.5	0.16	2.04	0.88	8.5	21	3	43.3
5	2	19.28	51.38	178	0.45	1.77	1.48	0.51	1.04	1.13	6.5	0.82	25.4	4.6	9.6	0.16	1.97	0.87	8.32	20	3.1	41.3
6	1	16.45	43.3	192	0.73	1.54	1.38	0.99	1.91	1.33	5.2	0.79	12.3	44.5	9.7	0.2	3.2	0.64	18.5	7.7	2	22.5
6	2	15.88	35.41	146	0.54	2.71	1.64	0.73	1.58	1.01	8.2	0.84	11.8	76.1	7.5	0.21	4.44	1.45	7.76	19	2.3	20.1
7	1	15.88	35.41	147	0.52	3.2	1.64	0.77	1.21	1.02	9.2	0.92	11.7	74.4	7.6	0.2	5.7	1.64	7.94	12	2.1	26.3
7	2	15.88	35.41	143	0.45	2.7	1.58	0.7	1.42	1.03	7.9	0.82	11.7	75.5	8.1	0.3	4.38	0.73	7.95	22	2.5	19.2
8	1	32.14	35.05	119	0.46	2.69	0.42	0.47	0.64	1.23	15.3	0.49	5	97.3	12.7	0.32	1.63	1.78	4.01	33	3.5	11.9
8	2	32.14	35.05	123	0.4	2.42	0.39	0.45	0.69	1.24	15.4	0.41	4.8	97.8	12.8	0.32	1.65	1.84	4.1	30	2.7	11.7
9	1	14.18	25.5	127	0.36	3.74	1.7	0.26	0.46	1.19	14.2	0.59	18.9	21.7	8.9	0.31	2.22	1.72	2.69	12	3	13.1
9	2	14.18	25.5	129	0.34	3.72	1.72	0.23	0.5	1.25	14.6	0.52	19.2	21.8	9.1	0.31	2.21	1.71	2.66	11	3	13
10	1	4.91	45.32	72	0.32	14.5	2.59	1.68	5.33	0.58	16.2	1.1	22.2	191	5.9	0.11	9.15	1.7	2.04	2.2	2	17.2
11	1	19.28	50.09	167	0.5	7.97	0.99	2.39	0.43	0.83	12.9	0.81	11.6	10.7	10.6	0.27	0.49	0.94	4.8	54	3	21.3
12	1	9.64	41.28	97	0.44	9.65	1.41	0.08	0.2	0.78	13.7	0.89	19.4	277	9.3	0.08	21.1	0.95	2.66	4	1.3	17
13	1	4.35	96.15	51	0.36	4.3	1.14	23.9	0.19	0.31	16.3	1.18	17.2	122	4.5	0.12	3.38	0.47	2.51	8.9	0.7	49.5
13	2	4.35	96.15	50	0.23	4.15	0.93	0.57	0.15	0.32	17	1.06	15	111	4.5	0.11	1.92	3120	2.61	10	1.4	16.4
13	3	4.35	96.15	51	0.26	4.1	0.89	0.49	0.14	0.32	16.9	0.91	14.5	109	4.5	0.12	1.82	0.51	2.67	10	2.1	15.1
14	1	60.11	83.67	62	0.23	2.42	0.25	49.9	3.43	0.42	5.9	0.5	4.9	24.3	3.2	0.14	0.08	1.15	2.15	41	1.7	8.9
14	2	60.11	83.67	63	0.23	2.49	0.26	49.6	3.43	0.42	5.9	0.51	4.9	24.2	3.2	0.15	0.08	1.15	2.11	43	1.9	9
15	1	68.62	22.39	38	0.13	3.43	1.39	0.56	0.51	0.33	5.8	0.89	7.7	51.5	1.9	0.14	2.05	0.63	1.32	5.1	1.1	16.2
15	2	68.62	22.39	40	0.12	3.4	1.35	0.54	0.49	0.33	5.9	0.92	7.5	52.4	1.9	0.13	2.02	0.62	1.34	4.3	1	15.6
15	3	68.62	22.39	41	0.12	0.62	0.23	4.9	0.26	0.13	2	0.49	5.6	28.6	2.1	0.06	0.12	0.56	0.54	3.3	0.8	9
15	4	68.62	22.39	38	0.11	0.64	0.27	4.94	0.28	0.13	2.2	0.49	5.6	29.9	2.1	0.06	0.13	0.59	0.56	3.5	1	8.2
16	1	38.37	35.6	111	0.63	0.99	0.26	11.8	0.6	0.78	7.8	0.4	4.7	183	11.2	0.23	1.82	1.53	5.08	18	2.2	46
16	2	38.37	35.6	104	0.14	0.31	0.08	23.5	0.48	0.25	3.9	0.43	3.8	157	10.4	0.14	1.29	0.98	1.66	7.9	1.1	35.2
16	3	38.37	35.6	104	0.14	0.19	0.12	22.4	0.48	0.25	2.4	0.43	3.8	159	10.6	0.15	1.13	1.02	1.78	7.4	0.9	36.3
16	4	38.37	35.6	107	0.34	0.2	0.23	15.6	0.41	0.14	2.8	0.22	4.6	137	10.5	0.1	1.08	0.88	1.12	11	2.1	35.8
16	5	38.37	35.6	103	0.36	0.21	0.21	15	0.44	0.15	2.8	0.24	4.6	133	10.6	0.1	1.03	0.83	1.1	12	1.6	41.1
16	6	38.37	35.6	120	0.3	1.11	0.13	8.25	0.41	0.89	8.4	0.53	4.8	181	11.9	0.23	1.61	1.48	5.86	15	2.5	10
17	1	81.66	67.71	27	0.1	1.03	0.18	1.17	0.3	0.17	1.8	0.7	6.7	4.9	0.9	0.05	0.09	0.21	0.36	15	1.3	12.9
17	2	81.66	67.71	29	0.12	1.03	0.17	1.11	0.28	0.18	1.7	0.74	6.7	4.9	0.9	0.05	0.09	0.21	0.35	14	1	11.7
18	1	12.48	29.54	235	0.61	2.09	0.41	0.17	0.16	1.76	18.4	0.29	28.8	117	12.2	0.4	18.3	2.74	9.84	75	2.8	84.6
18	2	12.48	29.54	235	0.6	2.11	0.42	0.16	0.15	1.79	18.5	0.32	28.6	117	12.3	0.39	18.7	2.77	9.83	75	2.2	82.2
18	3	12.48	29.54	234	0.46	2.12	0.48	1.36	0.12	1.74	19.7	0.84	28.6	121	12.2	0.41	16.7	2.82	8.53	68	2.4	132
18	4	12.48	29.54	239	1.78	2.07	0.39	0.06	0.08	1.79	19.8	0.47	29.3	119	12.2	0.43	17.6	2.88	9.21	76	2.1	159
18	5	12.48	29.54	220	0.3	2.06	0.34	1.18	0.12	1.66	18.8	0.74	26.3	110	11.6	0.39	16	2.84	8.34	69	1.9	140
18	6	12.48	29.54	240	1.56	2.04	0.39	0.07	0.08	1.82	20.1	0.42	28.8	115	12.2	0.4	16.4	2.92	8.63	75	1.4	156
19	1	10.96	23.3	129	0.26	1.72	0.3	0.05	0.03	1.17	23.1	0.6	11.6	21	9.2	0.5	0.48	1.63	5.55	83	2.3	48.1
19	2	10.96	23.3	126	0.61	2.28	0.58	0.34	0.07	1.28	26.6	1.02	13.1	22.5	10	0.56	0.49	1.57	5.54	100	1.7	51.9
19	3	10.96	23.3	128	0.45	1.81	0.36	0.29	0.25	1.14	23.7	0.53	12.2	21.1	9.2	0.53	0.53	1.6	5.97	83	2.4	18.5
20	1	14.18	35.23	143	0.7	2.38	1.33	0.05	0.13	1.07	7.5	0.5	12.4	85.3	8.1	0.19	4.97	0.52	9.28	37	2.7	19.4
20	2	14.18	35.23	146	0.59	2.26	1.32	0.05	0.16	1.06	7.2	0.54	12.5	87.5	8.2	0.19	4.89	0.52	9.53	35	2.9	21.6
21	1	14.56	37.43	147	0.4	2.26	1.18	0.37	0.07	0.98	7.2	0.49	13.1	82.2	8.1	0.18	4.38	0.53	9.49	33	2.6	25.1
22	1	94.14	41.83	12	4.1	1.4	0.09	1.39	0.09	0.04	2	0.56	7.1	6.2	0.7	1.94	0.34	0.01	0.52	76	0.6	42.9
